{
    "animation": [
        {
            "name": "Root",
            "time": [0.0, 0.0167, 0.0333, 0.05, 0.0667, 0.0833, 0.1, 0.1167, 0.1333, 0.15, 0.1667, 0.1833, 0.2, 0.2167, 0.2333, 0.25, 0.2667, 0.2833, 0.3, 0.3167, 0.3333, 0.35, 0.3667, 0.3833, 0.4, 0.4167, 0.4333, 0.45, 0.4667, 0.4833, 0.5, 0.5167, 0.5333, 0.55, 0.5667, 0.5833, 0.6, 0.6167, 0.6333, 0.65, 0.6667, 0.6833, 0.7, 0.7167, 0.7333, 0.75, 0.7667, 0.7833, 0.8, 0.8167, 0.8333, 0.85, 0.8667, 0.8833, 0.9, 0.9167, 0.9333, 0.95, 0.9667, 0.9833, 1.0, 1.0167, 1.0333, 1.05, 1.0667, 1.0833, 1.1, 1.1167, 1.1333, 1.15, 1.1667, 1.1833, 1.2, 1.2167, 1.2333, 1.25, 1.2667, 1.2833, 1.3, 1.3167, 1.3333, 1.35, 1.3667, 1.3833, 1.4, 1.4167, 1.4333, 1.45, 1.4667, 1.4833, 1.5],
            "transform": [
                [0.962859, -0.011225, 0.26977, -0.058326, 0.268922, 0.129205, -0.954456, -0.039955, -0.024142, 0.991554, 0.127425, 0.731243, 0.0, 0.0, 0.0, 1.0],
                [0.947486, -0.016839, 0.319351, -0.05471, 0.318974, 0.121234, -0.939977, -0.034367, -0.022888, 0.992481, 0.120239, 0.72881, 0.0, 0.0, 0.0, 1.0],
                [0.89707, -0.029129, 0.440926, -0.04567, 0.441519, 0.099802, -0.891684, -0.020396, -0.018032, 0.994581, 0.102391, 0.722009, 0.0, 0.0, 0.0, 1.0],
                [0.806945, -0.040796, 0.589215, -0.033918, 0.59057, 0.069415, -0.803995, -0.002235, -0.008101, 0.996753, 0.080107, 0.711583, 0.0, 0.0, 0.0, 1.0],
                [0.692423, -0.047013, 0.719959, -0.022166, 0.721471, 0.037423, -0.691433, 0.015926, 0.005563, 0.998193, 0.05983, 0.698276, 0.0, 0.0, 0.0, 1.0],
                [0.591267, -0.047968, 0.805047, -0.013126, 0.80627, 0.012653, -0.591411, 0.029897, 0.018182, 0.998769, 0.046156, 0.682834, 0.0, 0.0, 0.0, 1.0],
                [0.548409, -0.047442, 0.834863, -0.00951, 0.835876, 0.002874, -0.548911, 0.035485, 0.023642, 0.99887, 0.041232, 0.666, 0.0, 0.0, 0.0, 1.0],
                [0.548582, -0.047502, 0.834746, -0.009569, 0.835847, 0.006759, -0.54892, 0.03546, 0.020433, 0.998848, 0.043412, 0.648453, 0.0, 0.0, 0.0, 1.0],
                [0.549135, -0.047663, 0.834374, -0.009733, 0.835654, 0.017497, -0.548977, 0.035288, 0.011567, 0.99871, 0.049438, 0.630607, 0.0, 0.0, 0.0, 1.0],
                [0.550119, -0.047893, 0.833712, -0.009981, 0.835085, 0.03371, -0.549088, 0.03482, -0.001807, 0.998284, 0.058539, 0.612809, 0.0, 0.0, 0.0, 1.0],
                [0.551585, -0.048149, 0.832727, -0.010292, 0.833913, 0.054013, -0.549247, 0.033909, -0.018532, 0.997379, 0.069945, 0.595408, 0.0, 0.0, 0.0, 1.0],
                [0.553583, -0.048386, 0.831387, -0.010644, 0.831952, 0.077017, -0.549477, 0.032407, -0.037444, 0.995855, 0.08289, 0.578751, 0.0, 0.0, 0.0, 1.0],
                [0.556159, -0.048556, 0.829656, -0.011017, 0.829093, 0.10134, -0.54985, 0.030166, -0.057379, 0.993666, 0.096618, 0.563187, 0.0, 0.0, 0.0, 1.0],
                [0.559356, -0.048611, 0.827501, -0.011391, 0.825326, 0.125614, -0.550507, 0.027039, -0.077184, 0.990887, 0.110383, 0.549062, 0.0, 0.0, 0.0, 1.0],
                [0.563217, -0.048514, 0.824884, -0.011743, 0.820746, 0.148496, -0.551657, 0.022878, -0.095729, 0.987722, 0.123453, 0.536726, 0.0, 0.0, 0.0, 1.0],
                [0.567783, -0.048236, 0.821764, -0.012054, 0.815537, 0.168676, -0.553578, 0.017534, -0.111909, 0.98449, 0.13511, 0.526526, 0.0, 0.0, 0.0, 1.0],
                [0.573098, -0.047768, 0.818093, -0.012302, 0.809952, 0.184868, -0.556599, 0.010861, -0.124652, 0.981602, 0.144637, 0.518809, 0.0, 0.0, 0.0, 1.0],
                [0.57921, -0.047124, 0.813815, -0.012466, 0.804272, 0.195801, -0.561079, 0.002711, -0.132905, 0.97951, 0.15131, 0.513924, 0.0, 0.0, 0.0, 1.0],
                [0.586174, -0.04635, 0.808858, -0.012525, 0.798753, 0.200188, -0.567379, -0.007065, -0.135626, 0.97866, 0.154368, 0.512218, 0.0, 0.0, 0.0, 1.0],
                [0.000709, 7.2e-05, 0.000701, 0.000594, 0.000283, -0.00094, -0.000189, -0.329534, 0.000646, 0.000333, -0.000687, 1.273862, 0.0, 0.0, 0.0, 1.0],
                [0.000709, 7.2e-05, 0.000701, 0.000594, 0.000283, -0.00094, -0.000189, -0.329534, 0.000646, 0.000333, -0.000687, 1.273862, 0.0, 0.0, 0.0, 1.0],
                [0.000709, 7.2e-05, 0.000701, 0.000594, 0.000283, -0.00094, -0.000189, -0.329534, 0.000646, 0.000333, -0.000687, 1.273862, 0.0, 0.0, 0.0, 1.0],
                [0.000709, 7.2e-05, 0.000701, 0.000594, 0.000283, -0.00094, -0.000189, -0.329534, 0.000646, 0.000333, -0.000687, 1.273862, 0.0, 0.0, 0.0, 1.0],
                [0.000709, 7.2e-05, 0.000701, 0.000594, 0.000283, -0.00094, -0.000189, -0.329534, 0.000646, 0.000333, -0.000687, 1.273862, 0.0, 0.0, 0.0, 1.0],
                [0.000709, 7.2e-05, 0.000701, 0.000594, 0.000283, -0.00094, -0.000189, -0.329534, 0.000646, 0.000333, -0.000687, 1.273862, 0.0, 0.0, 0.0, 1.0],
                [0.000709, 7.2e-05, 0.000701, 0.000594, 0.000283, -0.00094, -0.000189, -0.329534, 0.000646, 0.000333, -0.000687, 1.273862, 0.0, 0.0, 0.0, 1.0],
                [0.000709, 7.2e-05, 0.000701, 0.000594, 0.000283, -0.00094, -0.000189, -0.329534, 0.000646, 0.000333, -0.000687, 1.273862, 0.0, 0.0, 0.0, 1.0],
                [0.000709, 7.2e-05, 0.000701, 0.000594, 0.000283, -0.00094, -0.000189, -0.329534, 0.000646, 0.000333, -0.000687, 1.273862, 0.0, 0.0, 0.0, 1.0],
                [0.000709, 7.2e-05, 0.000701, 0.000594, 0.000283, -0.00094, -0.000189, -0.329534, 0.000646, 0.000333, -0.000687, 1.273862, 0.0, 0.0, 0.0, 1.0],
                [0.000709, 7.2e-05, 0.000701, 0.000594, 0.000283, -0.00094, -0.000189, -0.329534, 0.000646, 0.000333, -0.000687, 1.273862, 0.0, 0.0, 0.0, 1.0],
                [0.000709, 7.2e-05, 0.000701, 0.000594, 0.000283, -0.00094, -0.000189, -0.329534, 0.000646, 0.000333, -0.000687, 1.273862, 0.0, 0.0, 0.0, 1.0],
                [0.000709, 7.2e-05, 0.000701, 0.000594, 0.000283, -0.00094, -0.000189, -0.329534, 0.000646, 0.000333, -0.000687, 1.273862, 0.0, 0.0, 0.0, 1.0],
                [0.000709, 7.2e-05, 0.000701, 0.000594, 0.000283, -0.00094, -0.000189, -0.329534, 0.000646, 0.000333, -0.000687, 1.273862, 0.0, 0.0, 0.0, 1.0],
                [0.000709, 7.2e-05, 0.000701, 0.000594, 0.000283, -0.00094, -0.000189, -0.329534, 0.000646, 0.000333, -0.000687, 1.273862, 0.0, 0.0, 0.0, 1.0],
                [0.000997, 5e-05, 5.9e-05, 0.000445, 7.2e-05, -0.000327, -0.000942, -0.329534, -2.7e-05, 0.000944, -0.00033, 1.281082, 0.0, 0.0, 0.0, 1.0],
                [0.996195, 0.083562, -0.02477, 0.000295, -0.0, -0.284202, -0.958764, -0.329534, -0.087156, 0.955116, -0.28312, 1.288301, 0.0, 0.0, 0.0, 1.0],
                [0.99892, 0.038383, -0.026198, 0.000156, -0.009129, -0.39069, -0.920477, -0.329534, -0.045565, 0.919722, -0.389917, 1.294992, 0.0, 0.0, 0.0, 1.0],
                [0.999726, -0.011116, -0.020589, -4e-06, -0.023387, -0.501899, -0.86461, -0.329534, -0.000723, 0.864855, -0.502021, 1.30274, 0.0, 0.0, 0.0, 1.0],
                [0.999635, -0.018987, -0.01921, -0.000192, -0.026276, -0.518951, -0.8544, -0.329534, 0.006254, 0.854593, -0.51926, 1.311818, 0.0, 0.0, 0.0, 1.0],
                [0.99954, -0.024247, -0.018197, -0.000392, -0.028289, -0.530253, -0.847367, -0.329534, 0.010897, 0.847493, -0.530695, 1.321483, 0.0, 0.0, 0.0, 1.0],
                [0.99947, -0.02743, -0.017548, -0.000584, -0.029541, -0.537057, -0.843028, -0.329534, 0.0137, 0.8431, -0.537582, 1.330737, 0.0, 0.0, 0.0, 1.0],
                [0.999429, -0.029062, -0.017205, -0.000746, -0.030192, -0.540535, -0.840779, -0.329534, 0.015135, 0.840819, -0.541104, 1.338583, 0.0, 0.0, 0.0, 1.0],
                [0.999414, -0.029663, -0.017077, -0.000859, -0.030433, -0.541814, -0.839947, -0.329534, 0.015663, 0.839975, -0.542399, 1.344021, 0.0, 0.0, 0.0, 1.0],
                [0.999412, -0.029749, -0.017058, -0.000901, -0.030468, -0.541997, -0.839828, -0.329534, 0.015739, 0.839854, -0.542584, 1.346056, 0.0, 0.0, 0.0, 1.0],
                [0.999417, -0.02957, -0.017097, -0.000901, -0.030396, -0.541623, -0.840072, -0.329534, 0.015581, 0.840102, -0.542205, 1.345492, 0.0, 0.0, 0.0, 1.0],
                [0.999429, -0.029084, -0.017201, -0.000901, -0.030201, -0.540604, -0.840734, -0.329534, 0.015153, 0.840774, -0.541174, 1.343666, 0.0, 0.0, 0.0, 1.0],
                [0.999447, -0.028369, -0.017353, -0.000901, -0.029916, -0.539098, -0.841712, -0.329534, 0.014523, 0.841765, -0.539648, 1.340372, 0.0, 0.0, 0.0, 1.0],
                [0.999468, -0.027502, -0.017534, -0.000901, -0.029571, -0.537259, -0.842899, -0.329534, 0.013761, 0.842969, -0.537786, 1.33541, 0.0, 0.0, 0.0, 1.0],
                [0.99949, -0.026563, -0.017728, -0.000901, -0.029199, -0.535244, -0.844192, -0.329534, 0.012935, 0.84428, -0.535747, 1.328573, 0.0, 0.0, 0.0, 1.0],
                [0.999511, -0.025629, -0.017918, -0.000901, -0.028829, -0.533211, -0.845491, -0.329534, 0.012115, 0.845594, -0.533689, 1.319661, 0.0, 0.0, 0.0, 1.0],
                [0.99953, -0.024764, -0.01809, -0.000901, -0.028487, -0.531294, -0.846708, -0.329534, 0.011357, 0.846825, -0.531749, 1.308441, 0.0, 0.0, 0.0, 1.0],
                [0.999546, -0.023977, -0.018244, -0.000901, -0.028177, -0.529533, -0.847822, -0.329534, 0.010668, 0.847951, -0.529968, 1.294572, 0.0, 0.0, 0.0, 1.0],
                [0.99956, -0.023263, -0.018383, -0.000901, -0.027897, -0.527942, -0.848822, -0.329534, 0.01004, 0.848962, -0.528359, 1.277686, 0.0, 0.0, 0.0, 1.0],
                [0.999573, -0.022615, -0.01851, -0.000901, -0.027647, -0.526539, -0.849702, -0.329534, 0.00947, 0.84985, -0.526939, 1.257413, 0.0, 0.0, 0.0, 1.0],
                [0.999583, -0.022028, -0.018626, -0.000901, -0.027424, -0.525337, -0.850452, -0.329534, 0.008949, 0.850609, -0.525723, 1.233385, 0.0, 0.0, 0.0, 1.0],
                [0.999593, -0.021497, -0.018735, -0.000901, -0.027228, -0.524353, -0.851066, -0.329534, 0.008471, 0.85123, -0.524725, 1.205232, 0.0, 0.0, 0.0, 1.0],
                [0.999601, -0.021014, -0.018839, -0.000901, -0.027056, -0.523589, -0.851542, -0.329534, 0.00803, 0.851712, -0.523949, 1.172792, 0.0, 0.0, 0.0, 1.0],
                [0.999609, -0.020567, -0.01894, -0.000901, -0.026902, -0.522994, -0.851912, -0.329534, 0.007615, 0.852088, -0.523343, 1.136725, 0.0, 0.0, 0.0, 1.0],
                [0.999615, -0.020139, -0.01904, -0.000901, -0.026759, -0.522507, -0.852215, -0.329534, 0.007215, 0.852397, -0.522846, 1.097898, 0.0, 0.0, 0.0, 1.0],
                [0.999622, -0.019717, -0.01914, -0.000901, -0.02662, -0.522065, -0.852491, -0.329534, 0.006817, 0.852678, -0.522392, 1.057177, 0.0, 0.0, 0.0, 1.0],
                [0.999628, -0.019285, -0.019241, -0.000901, -0.026478, -0.521603, -0.852778, -0.329534, 0.00641, 0.852971, -0.52192, 1.015429, 0.0, 0.0, 0.0, 1.0],
                [0.999635, -0.018829, -0.019346, -0.000901, -0.026325, -0.521059, -0.853115, -0.329534, 0.005983, 0.853313, -0.521365, 0.973521, 0.0, 0.0, 0.0, 1.0],
                [0.999642, -0.018332, -0.019455, -0.000901, -0.026154, -0.520369, -0.853541, -0.329534, 0.005524, 0.853745, -0.520663, 0.932318, 0.0, 0.0, 0.0, 1.0],
                [0.99965, -0.017781, -0.01957, -0.000901, -0.02596, -0.519471, -0.854094, -0.329534, 0.005021, 0.854304, -0.519751, 0.892687, 0.0, 0.0, 0.0, 1.0],
                [0.999658, -0.017159, -0.019691, -0.000901, -0.025735, -0.518299, -0.854812, -0.329534, 0.004462, 0.855028, -0.518564, 0.855496, 0.0, 0.0, 0.0, 1.0],
                [0.999668, -0.016453, -0.01982, -0.000901, -0.025472, -0.51679, -0.855733, -0.329534, 0.003837, 0.855954, -0.517038, 0.82161, 0.0, 0.0, 0.0, 1.0],
                [0.999678, -0.015647, -0.019957, -0.000901, -0.025166, -0.51488, -0.856893, -0.329534, 0.003132, 0.85712, -0.515108, 0.791895, 0.0, 0.0, 0.0, 1.0],
                [0.999689, -0.014725, -0.020103, -0.000901, -0.02481, -0.512502, -0.858328, -0.329534, 0.002336, 0.85856, -0.512708, 0.76722, 0.0, 0.0, 0.0, 1.0],
                [0.999701, -0.013673, -0.020258, -0.000901, -0.024398, -0.509591, -0.860071, -0.329534, 0.001436, 0.860308, -0.509772, 0.748449, 0.0, 0.0, 0.0, 1.0],
                [0.999713, -0.012475, -0.02042, -0.000901, -0.023925, -0.506079, -0.862155, -0.329534, 0.000421, 0.862397, -0.506233, 0.736449, 0.0, 0.0, 0.0, 1.0],
                [0.999726, -0.011116, -0.020589, -0.000901, -0.023387, -0.501899, -0.86461, -0.329534, -0.000723, 0.864855, -0.502021, 0.732088, 0.0, 0.0, 0.0, 1.0],
                [0.999889, -0.007389, -0.012915, -0.002509, -0.014877, -0.482645, -0.87569, -0.321426, 0.000237, 0.875785, -0.482701, 0.731859, 0.0, 0.0, 0.0, 1.0],
                [0.999963, -0.000476, 0.008592, -0.006873, 0.00752, -0.437005, -0.899427, -0.299418, 0.004183, 0.899459, -0.436985, 0.731676, 0.0, 0.0, 0.0, 1.0],
                [0.999127, 0.007079, 0.041163, -0.013305, 0.040867, -0.369276, -0.92842, -0.266985, 0.008628, 0.929293, -0.369243, 0.731533, 0.0, 0.0, 0.0, 1.0],
                [0.996584, 0.012701, 0.081599, -0.021115, 0.081832, -0.284682, -0.955122, -0.227602, 0.011099, 0.958538, -0.284749, 0.731426, 0.0, 0.0, 0.0, 1.0],
                [0.99192, 0.014501, 0.126034, -0.029613, 0.126482, -0.190244, -0.973555, -0.184744, 0.009859, 0.98163, -0.19054, 0.731349, 0.0, 0.0, 0.0, 1.0],
                [0.985342, 0.011859, 0.170174, -0.038112, 0.170529, -0.094577, -0.980803, -0.141887, 0.004463, 0.995447, -0.095213, 0.731297, 0.0, 0.0, 0.0, 1.0],
                [0.977719, 0.005634, 0.209842, -0.045922, 0.209878, -0.006849, -0.977703, -0.102504, -0.004071, 0.99996, -0.007879, 0.731266, 0.0, 0.0, 0.0, 1.0],
                [0.970404, -0.002088, 0.241478, -0.052354, 0.241107, 0.06442, -0.968358, -0.070071, -0.013534, 0.99792, 0.063017, 0.73125, 0.0, 0.0, 0.0, 1.0],
                [0.964957, -0.008586, 0.262267, -0.056718, 0.261556, 0.111927, -0.958676, -0.048063, -0.021123, 0.993679, 0.110251, 0.731244, 0.0, 0.0, 0.0, 1.0],
                [0.962859, -0.011225, 0.26977, -0.058326, 0.268922, 0.129205, -0.954456, -0.039955, -0.024142, 0.991554, 0.127425, 0.731243, 0.0, 0.0, 0.0, 1.0],
                [0.962859, -0.011225, 0.26977, -0.058326, 0.268922, 0.129205, -0.954456, -0.039955, -0.024142, 0.991554, 0.127425, 0.731243, 0.0, 0.0, 0.0, 1.0],
                [0.962859, -0.011225, 0.26977, -0.058326, 0.268922, 0.129205, -0.954456, -0.039955, -0.024142, 0.991554, 0.127425, 0.731243, 0.0, 0.0, 0.0, 1.0],
                [0.962859, -0.011225, 0.26977, -0.058326, 0.268922, 0.129205, -0.954456, -0.039955, -0.024142, 0.991554, 0.127425, 0.731243, 0.0, 0.0, 0.0, 1.0],
                [0.962859, -0.011225, 0.26977, -0.058326, 0.268922, 0.129205, -0.954456, -0.039955, -0.024142, 0.991554, 0.127425, 0.731243, 0.0, 0.0, 0.0, 1.0],
                [0.962859, -0.011225, 0.26977, -0.058326, 0.268922, 0.129205, -0.954456, -0.039955, -0.024142, 0.991554, 0.127425, 0.731243, 0.0, 0.0, 0.0, 1.0],
                [0.962859, -0.011225, 0.26977, -0.058326, 0.268922, 0.129205, -0.954456, -0.039955, -0.024142, 0.991554, 0.127425, 0.731243, 0.0, 0.0, 0.0, 1.0],
                [0.962859, -0.011225, 0.26977, -0.058326, 0.268922, 0.129205, -0.954456, -0.039955, -0.024142, 0.991554, 0.127425, 0.731243, 0.0, 0.0, 0.0, 1.0],
                [0.962859, -0.011225, 0.26977, -0.058326, 0.268922, 0.129205, -0.954456, -0.039955, -0.024142, 0.991554, 0.127425, 0.731243, 0.0, 0.0, 0.0, 1.0],
                [0.962859, -0.011225, 0.26977, -0.058326, 0.268922, 0.129205, -0.954456, -0.039955, -0.024142, 0.991554, 0.127425, 0.731243, 0.0, 0.0, 0.0, 1.0],
                [0.962859, -0.011225, 0.26977, -0.058326, 0.268922, 0.129205, -0.954456, -0.039955, -0.024142, 0.991554, 0.127425, 0.731243, 0.0, 0.0, 0.0, 1.0]
            ]
        },
        {
            "name": "Thigh_R",
            "time": [0.0, 0.0167, 0.0333, 0.05, 0.0667, 0.0833, 0.1, 0.1167, 0.1333, 0.15, 0.1667, 0.1833, 0.2, 0.2167, 0.2333, 0.25, 0.2667, 0.2833, 0.3, 0.3167, 0.3333, 0.35, 0.3667, 0.3833, 0.4, 0.4167, 0.4333, 0.45, 0.4667, 0.4833, 0.5, 0.5167, 0.5333, 0.55, 0.5667, 0.5833, 0.6, 0.6167, 0.6333, 0.65, 0.6667, 0.6833, 0.7, 0.7167, 0.7333, 0.75, 0.7667, 0.7833, 0.8, 0.8167, 0.8333, 0.85, 0.8667, 0.8833, 0.9, 0.9167, 0.9333, 0.95, 0.9667, 0.9833, 1.0, 1.0167, 1.0333, 1.05, 1.0667, 1.0833, 1.1, 1.1167, 1.1333, 1.15, 1.1667, 1.1833, 1.2, 1.2167, 1.2333, 1.25, 1.2667, 1.2833, 1.3, 1.3167, 1.3333, 1.35, 1.3667, 1.3833, 1.4, 1.4167, 1.4333, 1.45, 1.4667, 1.4833, 1.5],
            "transform": [
                [0.875043, 0.343278, 0.341262, 0.124994, 0.153787, -0.865651, 0.47644, -0.002831, 0.458966, -0.364423, -0.810275, -1.2e-05, 0.0, 0.0, 0.0, 1.0],
                [0.859166, 0.356536, 0.367035, 0.124994, 0.152959, -0.863441, 0.480697, -0.002831, 0.4883, -0.356856, -0.796377, -1.2e-05, 0.0, 0.0, 0.0, 1.0],
                [0.814582, 0.390716, 0.428716, 0.124994, 0.151565, -0.856795, 0.492876, -0.002831, 0.559897, -0.336508, -0.757151, -1.2e-05, 0.0, 0.0, 0.0, 1.0],
                [0.746287, 0.437138, 0.501961, 0.124994, 0.150749, -0.845523, 0.512212, -0.002831, 0.648329, -0.306586, -0.696903, -1.2e-05, 0.0, 0.0, 0.0, 1.0],
                [0.665175, 0.488482, 0.564735, 0.124994, 0.151836, -0.829004, 0.538232, -0.002831, 0.731087, -0.272271, -0.625604, -1.2e-05, 0.0, 0.0, 0.0, 1.0],
                [0.588926, 0.540493, 0.600859, 0.124994, 0.157198, -0.805872, 0.570837, -0.002831, 0.792751, -0.241726, -0.559565, -1.2e-05, 0.0, 0.0, 0.0, 1.0],
                [0.538457, 0.59204, 0.599625, 0.124994, 0.171202, -0.773611, 0.610091, -0.002831, 0.825077, -0.22585, -0.517917, -1.2e-05, 0.0, 0.0, 0.0, 1.0],
                [0.50856, 0.643205, 0.572408, 0.124994, 0.187507, -0.731573, 0.655468, -0.002831, 0.840361, -0.226014, -0.492656, -1.2e-05, 0.0, 0.0, 0.0, 1.0],
                [0.481043, 0.692799, 0.537238, 0.124994, 0.195804, -0.682218, 0.70444, -0.002831, 0.854551, -0.233672, -0.463831, -1.2e-05, 0.0, 0.0, 0.0, 1.0],
                [0.457219, 0.738942, 0.494887, 0.124994, 0.197225, -0.626845, 0.753767, -0.002831, 0.86721, -0.247032, -0.432344, -1.2e-05, 0.0, 0.0, 0.0, 1.0],
                [0.438172, 0.780019, 0.446735, 0.124994, 0.193354, -0.567137, 0.800604, -0.002831, 0.877848, -0.264424, -0.399325, -1.2e-05, 0.0, 0.0, 0.0, 1.0],
                [0.424644, 0.814837, 0.394607, 0.124994, 0.186102, -0.505107, 0.842752, -0.002831, 0.886026, -0.284431, -0.366135, -1.2e-05, 0.0, 0.0, 0.0, 1.0],
                [0.41698, 0.842705, 0.340546, 0.124994, 0.177539, -0.44297, 0.878781, -0.002831, 0.891407, -0.305973, -0.334324, -1.2e-05, 0.0, 0.0, 0.0, 1.0],
                [0.415159, 0.86343, 0.286578, 0.124994, 0.169732, -0.382989, 0.908025, -0.002831, 0.893774, -0.328333, -0.305555, -1.2e-05, 0.0, 0.0, 0.0, 1.0],
                [0.418867, 0.87724, 0.234513, 0.124994, 0.164628, -0.327344, 0.930453, -0.002831, 0.892999, -0.351128, -0.281533, -1.2e-05, 0.0, 0.0, 0.0, 1.0],
                [0.427611, 0.884656, 0.18582, 0.124994, 0.163983, -0.278064, 0.946462, -0.002831, 0.888964, -0.374245, -0.263972, -1.2e-05, 0.0, 0.0, 0.0, 1.0],
                [0.440836, 0.886349, 0.141578, 0.124994, 0.169358, -0.237034, 0.956626, -0.002831, 0.881465, -0.397737, -0.254605, -1.2e-05, 0.0, 0.0, 0.0, 1.0],
                [0.45803, 0.883007, 0.102484, 0.124994, 0.182156, -0.206072, 0.961433, -0.002831, 0.870073, -0.421696, -0.255233, -1.2e-05, 0.0, 0.0, 0.0, 1.0],
                [0.478804, 0.875213, 0.068889, 0.124994, 0.203664, -0.187059, 0.961005, -0.002831, 0.853971, -0.446102, -0.267815, -1.2e-05, 0.0, 0.0, 0.0, 1.0],
                [0.998548, 0.021108, 0.049558, 0.12552, -0.01311, -0.797119, 0.603678, -0.000686, 0.052246, -0.60345, -0.795687, -0.006154, 0.0, 0.0, 0.0, 1.0],
                [0.998453, 0.020093, 0.051833, 0.125846, -0.009632, -0.855762, 0.517278, -0.000811, 0.05475, -0.516976, -0.854246, -0.006029, 0.0, 0.0, 0.0, 1.0],
                [0.998239, 0.02235, 0.054946, 0.126335, -0.004121, -0.897932, 0.440112, -0.000661, 0.059174, -0.439562, -0.89626, -0.005985, 0.0, 0.0, 0.0, 1.0],
                [0.997861, 0.028331, 0.058907, 0.126607, 0.004243, -0.927364, 0.374133, -0.000841, 0.065227, -0.373082, -0.925502, -0.005598, 0.0, 0.0, 0.0, 1.0],
                [0.99723, 0.038501, 0.063624, 0.126864, 0.016169, -0.947334, 0.319833, -0.000961, 0.072587, -0.317918, -0.945336, -0.00526, 0.0, 0.0, 0.0, 1.0],
                [0.996195, 0.05334, 0.068913, 0.127245, 0.032284, -0.960415, 0.27669, -0.000927, 0.080944, -0.273412, -0.958485, -0.004814, 0.0, 0.0, 0.0, 1.0],
                [0.99452, 0.073332, 0.074509, 0.127498, 0.053163, -0.968431, 0.243541, -0.001046, 0.090016, -0.238245, -0.967024, -0.004496, 0.0, 0.0, 0.0, 1.0],
                [0.991864, 0.098946, 0.080088, 0.127781, 0.079348, -0.972528, 0.218837, -0.001189, 0.099541, -0.210701, -0.972469, -0.0039, 0.0, 0.0, 0.0, 1.0],
                [0.987757, 0.130609, 0.0853, 0.127888, 0.111355, -0.97328, 0.200806, -0.001339, 0.109248, -0.188848, -0.97591, -0.003388, 0.0, 0.0, 0.0, 1.0],
                [0.981572, 0.168669, 0.089809, 0.128202, 0.149657, -0.970787, 0.187545, -0.001394, 0.118819, -0.170648, -0.978142, -0.002941, 0.0, 0.0, 0.0, 1.0],
                [0.972504, 0.213355, 0.093345, 0.128373, 0.194659, -0.964754, 0.17707, -0.001507, 0.127834, -0.154031, -0.979761, -0.002362, 0.0, 0.0, 0.0, 1.0],
                [0.959556, 0.264724, 0.095767, 0.128735, 0.246641, -0.954548, 0.167344, -0.0015, 0.135714, -0.136955, -0.981236, -0.001961, 0.0, 0.0, 0.0, 1.0],
                [0.941536, 0.322602, 0.097135, 0.128919, 0.305682, -0.939215, 0.156304, -0.001705, 0.141655, -0.117473, -0.982921, -0.0014, 0.0, 0.0, 0.0, 1.0],
                [0.917089, 0.386502, 0.097786, 0.12929, 0.371547, -0.917504, 0.141902, -0.001729, 0.144564, -0.093804, -0.985039, -0.001006, 0.0, 0.0, 0.0, 1.0],
                [0.884761, 0.455536, 0.098403, 0.129648, 0.443555, -0.88788, 0.122171, -0.00175, 0.143024, -0.064444, -0.987619, -0.000541, 0.0, 0.0, 0.0, 1.0],
                [0.855557, 0.506559, 0.10686, 0.130181, 0.496407, -0.861287, 0.108458, -0.001179, 0.146978, -0.039746, -0.988341, -0.000348, 0.0, 0.0, 0.0, 1.0],
                [0.98687, 0.126043, 0.100992, 0.130676, -0.111618, 0.080289, 0.990503, -0.001117, 0.116737, -0.988769, 0.093304, -0.000168, 0.0, 0.0, 0.0, 1.0],
                [0.986665, 0.161084, 0.023282, 0.130598, 0.157658, -0.981448, 0.109095, -0.003222, 0.040423, -0.103969, -0.993759, 0.0004, 0.0, 0.0, 0.0, 1.0],
                [0.977166, 0.208859, -0.039024, 0.130511, 0.201965, -0.970081, -0.134725, -0.005548, -0.065995, 0.123768, -0.990115, 0.000826, 0.0, 0.0, 0.0, 1.0],
                [0.971886, 0.218916, -0.08668, 0.130497, 0.205479, -0.968344, -0.141722, -0.005921, -0.114961, 0.119927, -0.986105, 0.00091, 0.0, 0.0, 0.0, 1.0],
                [0.964969, 0.226696, -0.132071, 0.130488, 0.206515, -0.966787, -0.150573, -0.006171, -0.161819, 0.118024, -0.979738, 0.000966, 0.0, 0.0, 0.0, 1.0],
                [0.957222, 0.232505, -0.172242, 0.130482, 0.205701, -0.965436, -0.160055, -0.006323, -0.203502, 0.117778, -0.971965, 0.001, 0.0, 0.0, 0.0, 1.0],
                [0.949887, 0.236587, -0.204304, 0.130479, 0.203826, -0.964306, -0.169018, -0.006401, -0.236999, 0.118906, -0.964207, 0.001018, 0.0, 0.0, 0.0, 1.0],
                [0.944459, 0.23911, -0.225437, 0.130478, 0.201804, -0.963409, -0.176395, -0.00643, -0.259366, 0.121105, -0.958157, 0.001024, 0.0, 0.0, 0.0, 1.0],
                [0.942392, 0.240175, -0.232833, 0.130478, 0.200607, -0.962771, -0.181176, -0.006434, -0.267679, 0.124031, -0.955492, 0.001025, 0.0, 0.0, 0.0, 1.0],
                [0.943119, 0.240327, -0.229715, 0.130478, 0.200487, -0.962325, -0.183662, -0.006434, -0.2652, 0.12716, -0.955772, 0.001025, 0.0, 0.0, 0.0, 1.0],
                [0.945093, 0.240124, -0.221671, 0.130479, 0.201031, -0.961965, -0.18495, -0.006434, -0.25765, 0.130232, -0.957422, 0.001025, 0.0, 0.0, 0.0, 1.0],
                [0.948014, 0.239641, -0.20938, 0.130479, 0.202186, -0.961671, -0.18522, -0.006433, -0.245741, 0.133257, -0.960133, 0.001025, 0.0, 0.0, 0.0, 1.0],
                [0.95155, 0.238959, -0.193516, 0.13048, 0.203888, -0.961422, -0.184647, -0.006431, -0.230174, 0.136246, -0.963565, 0.001024, 0.0, 0.0, 0.0, 1.0],
                [0.955372, 0.238163, -0.174762, 0.130481, 0.206067, -0.961195, -0.183403, -0.006428, -0.21166, 0.139206, -0.96738, 0.001024, 0.0, 0.0, 0.0, 1.0],
                [0.959172, 0.237342, -0.15381, 0.130482, 0.208656, -0.960968, -0.18166, -0.006424, -0.190922, 0.14215, -0.971259, 0.001023, 0.0, 0.0, 0.0, 1.0],
                [0.962687, 0.236588, -0.131374, 0.130484, 0.211595, -0.960714, -0.179594, -0.006419, -0.168702, 0.145095, -0.97493, 0.001022, 0.0, 0.0, 0.0, 1.0],
                [0.965712, 0.235998, -0.108182, 0.130485, 0.214831, -0.960405, -0.177387, -0.006411, -0.145762, 0.148064, -0.978178, 0.00102, 0.0, 0.0, 0.0, 1.0],
                [0.968109, 0.235673, -0.08498, 0.130487, 0.218322, -0.960015, -0.175225, -0.006401, -0.122878, 0.151084, -0.980855, 0.001018, 0.0, 0.0, 0.0, 1.0],
                [0.969809, 0.235714, -0.062517, 0.130488, 0.222041, -0.959511, -0.173302, -0.006389, -0.100836, 0.154189, -0.982883, 0.001015, 0.0, 0.0, 0.0, 1.0],
                [0.970808, 0.236228, -0.041548, 0.13049, 0.225968, -0.958861, -0.17182, -0.006374, -0.080428, 0.157416, -0.984253, 0.001012, 0.0, 0.0, 0.0, 1.0],
                [0.971162, 0.237323, -0.022823, 0.130492, 0.230096, -0.958028, -0.170985, -0.006356, -0.062443, 0.160803, -0.98501, 0.001007, 0.0, 0.0, 0.0, 1.0],
                [0.970965, 0.239112, -0.007081, 0.130494, 0.23442, -0.956974, -0.171012, -0.006335, -0.047667, 0.164387, -0.985244, 0.001003, 0.0, 0.0, 0.0, 1.0],
                [0.97029, 0.241888, 0.005196, 0.130495, 0.239152, -0.955619, -0.172037, -0.00631, -0.036648, 0.168168, -0.985078, 0.000997, 0.0, 0.0, 0.0, 1.0],
                [0.969233, 0.245718, 0.014445, 0.130497, 0.244434, -0.953939, -0.173926, -0.006282, -0.028957, 0.172106, -0.984653, 0.000991, 0.0, 0.0, 0.0, 1.0],
                [0.967912, 0.250381, 0.021319, 0.130499, 0.250149, -0.951983, -0.176497, -0.00625, -0.023897, 0.176166, -0.984071, 0.000984, 0.0, 0.0, 0.0, 1.0],
                [0.966406, 0.255652, 0.026467, 0.130501, 0.256179, -0.949803, -0.179568, -0.006213, -0.020769, 0.180316, -0.98339, 0.000975, 0.0, 0.0, 0.0, 1.0],
                [0.964772, 0.261305, 0.030538, 0.130502, 0.262406, -0.947454, -0.182952, -0.006172, -0.018873, 0.184521, -0.982648, 0.000966, 0.0, 0.0, 0.0, 1.0],
                [0.96306, 0.267108, 0.034178, 0.130504, 0.268716, -0.944999, -0.186458, -0.006125, -0.017506, 0.188755, -0.981869, 0.000956, 0.0, 0.0, 0.0, 1.0],
                [0.96131, 0.272829, 0.038026, 0.130506, 0.275004, -0.942504, -0.189888, -0.006074, -0.015967, 0.192998, -0.98107, 0.000944, 0.0, 0.0, 0.0, 1.0],
                [0.959563, 0.278233, 0.042717, 0.130507, 0.281167, -0.940043, -0.193037, -0.006017, -0.013554, 0.197242, -0.980262, 0.000931, 0.0, 0.0, 0.0, 1.0],
                [0.95785, 0.283078, 0.048881, 0.130508, 0.287109, -0.937694, -0.195695, -0.005955, -0.009562, 0.201481, -0.979447, 0.000917, 0.0, 0.0, 0.0, 1.0],
                [0.956187, 0.287123, 0.057149, 0.130509, 0.292737, -0.935542, -0.197647, -0.005887, -0.003284, 0.205717, -0.978607, 0.000902, 0.0, 0.0, 0.0, 1.0],
                [0.954561, 0.290119, 0.068146, 0.13051, 0.297955, -0.933675, -0.198673, -0.005812, 0.005988, 0.20995, -0.977694, 0.000885, 0.0, 0.0, 0.0, 1.0],
                [0.95291, 0.291812, 0.082503, 0.13051, 0.302657, -0.932188, -0.198551, -0.005731, 0.018969, 0.214171, -0.976613, 0.000867, 0.0, 0.0, 0.0, 1.0],
                [0.951104, 0.291942, 0.100846, 0.130511, 0.30672, -0.931176, -0.197059, -0.005643, 0.036376, 0.218355, -0.975192, 0.000847, 0.0, 0.0, 0.0, 1.0],
                [0.948911, 0.290243, 0.123801, 0.130511, 0.309993, -0.930738, -0.193981, -0.005548, 0.058925, 0.222449, -0.973163, 0.000826, 0.0, 0.0, 0.0, 1.0],
                [0.945731, 0.287732, 0.151008, 0.130357, 0.311743, -0.934516, -0.171737, -0.005392, 0.091705, 0.209493, -0.973501, 0.000785, 0.0, 0.0, 0.0, 1.0],
                [0.940822, 0.286539, 0.180966, 0.129937, 0.30996, -0.943447, -0.117603, -0.005139, 0.137034, 0.166735, -0.976434, 0.000711, 0.0, 0.0, 0.0, 1.0],
                [0.933833, 0.28789, 0.212309, 0.129319, 0.302422, -0.952385, -0.038755, -0.004817, 0.191043, 0.100398, -0.976434, 0.000613, 0.0, 0.0, 0.0, 1.0],
                [0.924783, 0.292541, 0.243301, 0.128569, 0.287544, -0.95609, 0.056639, -0.00445, 0.249187, 0.017581, -0.968296, 0.000499, 0.0, 0.0, 0.0, 1.0],
                [0.914163, 0.300513, 0.272024, 0.127752, 0.265248, -0.950952, 0.159158, -0.004066, 0.306511, -0.073342, -0.949038, 0.000379, 0.0, 0.0, 0.0, 1.0],
                [0.902896, 0.310989, 0.296755, 0.126936, 0.237395, -0.936276, 0.258898, -0.003693, 0.35836, -0.16331, -0.91919, 0.000262, 0.0, 0.0, 0.0, 1.0],
                [0.892179, 0.322431, 0.316315, 0.126186, 0.207602, -0.914669, 0.346811, -0.003356, 0.401147, -0.243749, -0.882988, 0.000155, 0.0, 0.0, 0.0, 1.0],
                [0.883251, 0.332905, 0.330213, 0.125568, 0.180544, -0.891383, 0.415737, -0.003082, 0.432748, -0.307581, -0.847422, 6.8e-05, 0.0, 0.0, 0.0, 1.0],
                [0.877229, 0.340438, 0.338482, 0.125149, 0.161119, -0.872949, 0.460432, -0.002898, 0.452227, -0.349367, -0.82063, 9e-06, 0.0, 0.0, 0.0, 1.0],
                [0.875043, 0.343278, 0.341262, 0.124994, 0.153787, -0.865651, 0.47644, -0.002831, 0.458966, -0.364423, -0.810275, -1.2e-05, 0.0, 0.0, 0.0, 1.0],
                [0.875043, 0.343278, 0.341262, 0.124994, 0.153787, -0.865651, 0.47644, -0.002831, 0.458966, -0.364423, -0.810275, -1.2e-05, 0.0, 0.0, 0.0, 1.0],
                [0.875043, 0.343278, 0.341262, 0.124994, 0.153787, -0.865651, 0.47644, -0.002831, 0.458966, -0.364423, -0.810275, -1.2e-05, 0.0, 0.0, 0.0, 1.0],
                [0.875043, 0.343278, 0.341262, 0.124994, 0.153787, -0.865651, 0.47644, -0.002831, 0.458966, -0.364423, -0.810275, -1.2e-05, 0.0, 0.0, 0.0, 1.0],
                [0.875043, 0.343278, 0.341262, 0.124994, 0.153787, -0.865651, 0.47644, -0.002831, 0.458966, -0.364423, -0.810275, -1.2e-05, 0.0, 0.0, 0.0, 1.0],
                [0.875043, 0.343278, 0.341262, 0.124994, 0.153787, -0.865651, 0.47644, -0.002831, 0.458966, -0.364423, -0.810275, -1.2e-05, 0.0, 0.0, 0.0, 1.0],
                [0.875043, 0.343278, 0.341262, 0.124994, 0.153787, -0.86565, 0.47644, -0.002831, 0.458966, -0.364423, -0.810275, -1.2e-05, 0.0, 0.0, 0.0, 1.0],
                [0.875043, 0.343278, 0.341262, 0.124994, 0.153787, -0.865651, 0.47644, -0.002831, 0.458966, -0.364423, -0.810275, -1.2e-05, 0.0, 0.0, 0.0, 1.0],
                [0.875043, 0.343278, 0.341262, 0.124994, 0.153787, -0.865651, 0.47644, -0.002831, 0.458966, -0.364423, -0.810275, -1.2e-05, 0.0, 0.0, 0.0, 1.0],
                [0.875043, 0.343278, 0.341262, 0.124994, 0.153787, -0.865651, 0.47644, -0.002831, 0.458966, -0.364423, -0.810275, -1.2e-05, 0.0, 0.0, 0.0, 1.0],
                [0.875043, 0.343278, 0.341262, 0.124994, 0.153787, -0.865651, 0.47644, -0.002831, 0.458966, -0.364423, -0.810275, -1.2e-05, 0.0, 0.0, 0.0, 1.0]
            ]
        },
        {
            "name": "Leg_R",
            "time": [0.0, 0.0167, 0.0333, 0.05, 0.0667, 0.0833, 0.1, 0.1167, 0.1333, 0.15, 0.1667, 0.1833, 0.2, 0.2167, 0.2333, 0.25, 0.2667, 0.2833, 0.3, 0.3167, 0.3333, 0.35, 0.3667, 0.3833, 0.4, 0.4167, 0.4333, 0.45, 0.4667, 0.4833, 0.5, 0.5167, 0.5333, 0.55, 0.5667, 0.5833, 0.6, 0.6167, 0.6333, 0.65, 0.6667, 0.6833, 0.7, 0.7167, 0.7333, 0.75, 0.7667, 0.7833, 0.8, 0.8167, 0.8333, 0.85, 0.8667, 0.8833, 0.9, 0.9167, 0.9333, 0.95, 0.9667, 0.9833, 1.0, 1.0167, 1.0333, 1.05, 1.0667, 1.0833, 1.1, 1.1167, 1.1333, 1.15, 1.1667, 1.1833, 1.2, 1.2167, 1.2333, 1.25, 1.2667, 1.2833, 1.3, 1.3167, 1.3333, 1.35, 1.3667, 1.3833, 1.4, 1.4167, 1.4333, 1.45, 1.4667, 1.4833, 1.5],
            "transform": [
                [1.0, -0.0, 1e-06, 0.0, -0.0, 0.938742, 0.344624, 0.37472, -1e-06, -0.344624, 0.938741, -0.0, 0.0, 0.0, 0.0, 1.0],
                [1.0, 0.0, 1e-06, 0.0, -0.0, 0.9323, 0.361689, 0.37472, -1e-06, -0.36169, 0.932299, -0.0, 0.0, 0.0, 0.0, 1.0],
                [1.0, -0.0, 1e-06, -0.0, -0.0, 0.913112, 0.407711, 0.37472, -1e-06, -0.407711, 0.913111, -0.0, 0.0, 0.0, 0.0, 1.0],
                [1.0, -0.0, 1e-06, -0.0, -0.0, 0.880356, 0.474316, 0.37472, -1e-06, -0.474316, 0.880355, -0.0, 0.0, 0.0, 0.0, 1.0],
                [1.0, -0.0, 1e-06, 0.0, -0.0, 0.833425, 0.552633, 0.37472, -1e-06, -0.552633, 0.833425, -0.0, 0.0, 0.0, 0.0, 1.0],
                [1.0, -0.0, 1e-06, -0.0, -0.0, 0.773381, 0.633942, 0.37472, -1e-06, -0.633943, 0.77338, -0.0, 0.0, 0.0, 0.0, 1.0],
                [1.0, -0.0, 1e-06, -0.0, -0.0, 0.703575, 0.710621, 0.37472, -1e-06, -0.710622, 0.703575, -0.0, 0.0, 0.0, 0.0, 1.0],
                [1.0, -0.0, 1e-06, 0.0, -0.0, 0.628651, 0.777688, 0.37472, -1e-06, -0.777688, 0.628651, 0.0, 0.0, 0.0, 0.0, 1.0],
                [1.0, -0.0, 1e-06, 0.0, -0.0, 0.551188, 0.834382, 0.37472, -1e-06, -0.834382, 0.551188, 0.0, 0.0, 0.0, 0.0, 1.0],
                [1.0, -1e-06, 1e-06, 0.0, -0.0, 0.473136, 0.88099, 0.37472, -1e-06, -0.88099, 0.473136, -0.0, 0.0, 0.0, 0.0, 1.0],
                [1.0, -1e-06, 0.0, -0.0, -0.0, 0.396442, 0.918061, 0.37472, -1e-06, -0.91806, 0.396442, -0.0, 0.0, 0.0, 0.0, 1.0],
                [1.0, -1e-06, 0.0, -0.0, -0.0, 0.323005, 0.946398, 0.37472, -1e-06, -0.946397, 0.323005, -0.0, 0.0, 0.0, 0.0, 1.0],
                [1.0, -1e-06, 0.0, -0.0, -0.0, 0.254635, 0.967038, 0.37472, -1e-06, -0.967037, 0.254635, 0.0, 0.0, 0.0, 0.0, 1.0],
                [1.0, -1e-06, 0.0, 0.0, -0.0, 0.193015, 0.981197, 0.37472, -1e-06, -0.981196, 0.193015, -0.0, 0.0, 0.0, 0.0, 1.0],
                [1.0, -1e-06, 0.0, 0.0, -0.0, 0.139689, 0.990197, 0.37472, -1e-06, -0.990195, 0.139689, -0.0, 0.0, 0.0, 0.0, 1.0],
                [1.0, -1e-06, 0.0, 0.0, -0.0, 0.096063, 0.995377, 0.37472, -1e-06, -0.995375, 0.096063, -0.0, 0.0, 0.0, 0.0, 1.0],
                [1.0, -1e-06, 0.0, 0.0, -0.0, 0.063428, 0.997988, 0.37472, -1e-06, -0.997986, 0.063428, -0.0, 0.0, 0.0, 0.0, 1.0],
                [1.0, -1e-06, 0.0, 0.0, -0.0, 0.042994, 0.999076, 0.37472, -1e-06, -0.999075, 0.042994, -0.0, 0.0, 0.0, 0.0, 1.0],
                [1.0, -1e-06, 0.0, -0.0, -0.0, 0.035917, 0.999356, 0.37472, -1e-06, -0.999355, 0.035917, -0.0, 0.0, 0.0, 0.0, 1.0],
                [1.0, -1e-06, 0.0, -3.3e-05, -0.0, 0.090731, 0.995875, 0.374694, -1e-06, -0.995876, 0.090731, -8.8e-05, 0.0, 0.0, 0.0, 1.0],
                [1.0, -1e-06, 0.0, 4.5e-05, -0.0, 0.111732, 0.993738, 0.374745, -1e-06, -0.993739, 0.111732, -9.4e-05, 0.0, 0.0, 0.0, 1.0],
                [1.0, -1e-06, 0.0, 0.00012, -0.0, 0.129696, 0.991554, 0.374673, -1e-06, -0.991554, 0.129696, 2.4e-05, 0.0, 0.0, 0.0, 1.0],
                [1.0, -1e-06, 0.0, 1.2e-05, -0.0, 0.144871, 0.98945, 0.374698, -1e-06, -0.989451, 0.14487, -7.1e-05, 0.0, 0.0, 0.0, 1.0],
                [1.0, -1e-06, 0.0, -8.9e-05, -0.0, 0.157509, 0.987517, 0.374743, -1e-06, -0.987518, 0.157509, 9.1e-05, 0.0, 0.0, 0.0, 1.0],
                [1.0, -1e-06, 0.0, 0.000141, -0.0, 0.167866, 0.98581, 0.374706, -1e-06, -0.98581, 0.167866, -0.000161, 0.0, 0.0, 0.0, 1.0],
                [1.0, -1e-06, 0.0, -5.1e-05, -0.0, 0.176191, 0.984356, 0.374761, -1e-06, -0.984356, 0.176191, -7.4e-05, 0.0, 0.0, 0.0, 1.0],
                [1.0, -1e-06, 0.0, -3e-05, -0.0, 0.182732, 0.983163, 0.374693, -1e-06, -0.983163, 0.182732, -0.000123, 0.0, 0.0, 0.0, 1.0],
                [1.0, -1e-06, 0.0, -5.6e-05, -0.0, 0.187731, 0.982221, 0.374751, -1e-06, -0.98222, 0.187731, -0.000133, 0.0, 0.0, 0.0, 1.0],
                [0.999999, -1e-06, 0.0, -1.6e-05, -0.0, 0.191423, 0.981507, 0.374732, -1e-06, -0.981507, 0.191423, 4.3e-05, 0.0, 0.0, 0.0, 1.0],
                [1.0, -1e-06, 0.0, -6.5e-05, -0.0, 0.194037, 0.980994, 0.374753, -1e-06, -0.980994, 0.194037, 5e-06, 0.0, 0.0, 0.0, 1.0],
                [1.0, -1e-06, 0.0, -1e-06, -0.0, 0.195797, 0.980644, 0.374726, -1e-06, -0.980644, 0.195797, 0.000146, 0.0, 0.0, 0.0, 1.0],
                [1.0, -1e-06, 0.0, 2.8e-05, -0.0, 0.19692, 0.98042, 0.374731, -1e-06, -0.980419, 0.19692, 1e-06, 0.0, 0.0, 0.0, 1.0],
                [0.999999, -1e-06, 0.0, -1.1e-05, -0.0, 0.197618, 0.980279, 0.374725, -1e-06, -0.980278, 0.197618, -5.9e-05, 0.0, 0.0, 0.0, 1.0],
                [1.0, -1e-06, 0.0, 5.2e-05, -0.0, 0.198098, 0.980183, 0.374749, -1e-06, -0.980182, 0.198098, 5.3e-05, 0.0, 0.0, 0.0, 1.0],
                [1.0, -1e-06, 0.0, -4.5e-05, -0.0, 0.119472, 0.992838, 0.374649, -1e-06, -0.992838, 0.119472, -5e-05, 0.0, 0.0, 0.0, 1.0],
                [1.0, -1e-06, 0.0, 0.0, -0.0, 0.041171, 0.999153, 0.37472, -1e-06, -0.999152, 0.041171, 0.0, 0.0, 0.0, 0.0, 1.0],
                [1.0, -1e-06, 0.0, -0.0, -0.0, 0.407997, 0.912983, 0.37472, -1e-06, -0.912983, 0.407998, 0.0, 0.0, 0.0, 0.0, 1.0],
                [1.0, -0.0, 1e-06, 0.0, -0.0, 0.716568, 0.697517, 0.37472, -1e-06, -0.697517, 0.716568, -0.0, 0.0, 0.0, 0.0, 1.0],
                [1.0, -0.0, 1e-06, -0.0, -0.0, 0.714016, 0.700129, 0.37472, -1e-06, -0.700129, 0.714016, -0.0, 0.0, 0.0, 0.0, 1.0],
                [1.0, -0.0, 1e-06, -0.0, -0.0, 0.707979, 0.706233, 0.37472, -1e-06, -0.706233, 0.707979, -0.0, 0.0, 0.0, 0.0, 1.0],
                [1.0, -0.0, 1e-06, 0.0, -0.0, 0.70015, 0.713996, 0.37472, -1e-06, -0.713996, 0.700149, 0.0, 0.0, 0.0, 0.0, 1.0],
                [1.000001, -0.0, 1e-06, 0.0, -0.0, 0.692274, 0.721635, 0.37472, -1e-06, -0.721636, 0.692273, 0.0, 0.0, 0.0, 0.0, 1.0],
                [1.0, -0.0, 1e-06, 0.0, -0.0, 0.686175, 0.727437, 0.37472, -1e-06, -0.727437, 0.686174, 0.0, 0.0, 0.0, 0.0, 1.0],
                [1.0, -0.0, 1e-06, -0.0, -0.0, 0.683725, 0.72974, 0.37472, -1e-06, -0.72974, 0.683725, 0.0, 0.0, 0.0, 0.0, 1.0],
                [1.0, -0.0, 1e-06, 0.0, -0.0, 0.683869, 0.729605, 0.37472, -1e-06, -0.729605, 0.683869, -0.0, 0.0, 0.0, 0.0, 1.0],
                [1.0, -0.0, 1e-06, -0.0, -0.0, 0.684322, 0.72918, 0.37472, -1e-06, -0.72918, 0.684322, 0.0, 0.0, 0.0, 0.0, 1.0],
                [1.0, -0.0, 1e-06, -0.0, -0.0, 0.685113, 0.728437, 0.37472, -1e-06, -0.728438, 0.685112, 0.0, 0.0, 0.0, 0.0, 1.0],
                [1.0, -0.0, 1e-06, -0.0, -0.0, 0.686269, 0.727348, 0.37472, -1e-06, -0.727349, 0.686269, -0.0, 0.0, 0.0, 0.0, 1.0],
                [1.000001, -0.0, 1e-06, -0.0, -0.0, 0.687819, 0.725882, 0.37472, -1e-06, -0.725883, 0.687819, 0.0, 0.0, 0.0, 0.0, 1.0],
                [1.0, -0.0, 1e-06, -0.0, -0.0, 0.68979, 0.72401, 0.37472, -1e-06, -0.72401, 0.689789, 0.0, 0.0, 0.0, 0.0, 1.0],
                [1.0, -0.0, 1e-06, -0.0, -0.0, 0.692207, 0.721699, 0.37472, -1e-06, -0.7217, 0.692207, 0.0, 0.0, 0.0, 0.0, 1.0],
                [1.0, -0.0, 1e-06, -0.0, -0.0, 0.695095, 0.718917, 0.37472, -1e-06, -0.718918, 0.695095, 0.0, 0.0, 0.0, 0.0, 1.0],
                [1.0, -0.0, 1e-06, -0.0, -0.0, 0.698479, 0.715631, 0.37472, -1e-06, -0.715631, 0.698479, -0.0, 0.0, 0.0, 0.0, 1.0],
                [1.0, -0.0, 1e-06, 0.0, -0.0, 0.702379, 0.711803, 0.37472, -1e-06, -0.711804, 0.702378, 0.0, 0.0, 0.0, 0.0, 1.0],
                [1.0, -0.0, 1e-06, 0.0, -0.0, 0.706816, 0.707398, 0.37472, -1e-06, -0.707398, 0.706816, 0.0, 0.0, 0.0, 0.0, 1.0],
                [1.0, -0.0, 1e-06, -0.0, -0.0, 0.711808, 0.702374, 0.37472, -1e-06, -0.702374, 0.711808, 0.0, 0.0, 0.0, 0.0, 1.0],
                [1.000001, -0.0, 1e-06, 0.0, -0.0, 0.717372, 0.696691, 0.37472, -1e-06, -0.696691, 0.717372, 0.0, 0.0, 0.0, 0.0, 1.0],
                [1.0, -0.0, 1e-06, 0.0, -0.0, 0.72352, 0.690303, 0.37472, -1e-06, -0.690303, 0.72352, -0.0, 0.0, 0.0, 0.0, 1.0],
                [1.0, -0.0, 1e-06, -0.0, -0.0, 0.730265, 0.683164, 0.37472, -1e-06, -0.683164, 0.730265, 0.0, 0.0, 0.0, 0.0, 1.0],
                [1.0, -0.0, 1e-06, -0.0, -0.0, 0.737613, 0.675223, 0.37472, -1e-06, -0.675223, 0.737613, -0.0, 0.0, 0.0, 0.0, 1.0],
                [1.0, -0.0, 1e-06, -0.0, -0.0, 0.745569, 0.666428, 0.37472, -1e-06, -0.666428, 0.745569, 0.0, 0.0, 0.0, 0.0, 1.0],
