{
    "animation": [
        {
            "name": "Root",
            "time": [0.05, 0.0667, 0.0833, 0.1, 0.1167, 0.1333, 0.15, 0.1667, 0.1833, 0.2, 0.2167, 0.2333, 0.25, 0.2667, 0.2833, 0.3, 0.3167, 0.3333, 0.35, 0.3667, 0.3833, 0.4, 0.4167, 0.4333, 0.45, 0.4667, 0.4833, 0.5, 0.5167, 0.5333, 0.55, 0.5667, 0.5833, 0.6, 0.6167, 0.6333, 0.65, 0.6667, 0.6833, 0.7, 0.7167, 0.7333, 0.75, 0.7667, 0.7833, 0.8, 0.8167, 0.8333, 0.85, 0.8667, 0.8833, 0.9, 0.9167, 0.9333, 0.95, 0.9667, 0.9833, 1.0, 1.0167, 1.0333, 1.05, 1.0667, 1.0833, 1.1, 1.1167, 1.1333, 1.15, 1.1667, 1.1833, 1.2, 1.2167, 1.2333, 1.25, 1.2667, 1.2833, 1.3, 1.3167, 1.3333, 1.35, 1.3667, 1.3833, 1.4, 1.4167, 1.4333, 1.45, 1.4667, 1.4833, 1.5, 1.5167, 1.5333, 1.55, 1.5667, 1.5833, 1.6, 1.6167, 1.6333, 1.65, 1.6667, 1.6833, 1.7, 1.7167, 1.7333, 1.75, 1.7667, 1.7833, 1.8, 1.8167, 1.8333, 1.85, 1.8667, 1.8833, 1.9, 1.9167, 1.9333, 1.95, 1.9667, 1.9833, 2.0, 2.0167, 2.0333, 2.05, 2.0667, 2.0833, 2.1, 2.1167, 2.1333, 2.15, 2.1667, 2.1833, 2.2, 2.2167, 2.2333, 2.25, 2.2667, 2.2833, 2.3, 2.3167, 2.3333, 2.35, 2.3667, 2.3833, 2.4, 2.4167, 2.4333, 2.45, 2.4667, 2.4833, 2.5, 2.5167, 2.5333, 2.55, 2.5667, 2.5833, 2.6, 2.6167, 2.6333, 2.65, 2.6667, 2.6833, 2.7, 2.7167, 2.7333, 2.75, 2.7667, 2.7833, 2.8, 2.8167, 2.8333, 2.85, 2.8667, 2.8833, 2.9, 2.9167, 2.9333, 2.95, 2.9667, 2.9833, 3.0, 3.0167, 3.0333, 3.05, 3.0667, 3.0833, 3.1, 3.1167, 3.1333, 3.15, 3.1667, 3.1833, 3.2, 3.2167, 3.2333, 3.25, 3.2667, 3.2833, 3.3, 3.3167, 3.3333, 3.35, 3.3667, 3.3833, 3.4, 3.4167, 3.4333, 3.45, 3.4667, 3.4833, 3.5, 3.5167, 3.5333, 3.55, 3.5667, 3.5833, 3.6, 3.6167, 3.6333, 3.65, 3.6667],
            "transform": [
                [0.989152, -0.032653, 0.143218, 0.046989, 0.143899, 0.019537, -0.989399, 1.468932, 0.029509, 0.999276, 0.024024, 0.492247, 0.0, 0.0, 0.0, 1.0],
                [0.892774, -0.01942, -0.450087, 0.0363, -0.449379, 0.032233, -0.89276, 1.548064, 0.031845, 0.999292, 0.02005, 0.494044, 0.0, 0.0, 0.0, 1.0],
                [0.28195, 0.012469, -0.959348, 0.013426, -0.958948, 0.035341, -0.281373, 1.742203, 0.030396, 0.999297, 0.021922, 0.497891, 0.0, 0.0, 0.0, 1.0],
                [-0.259806, 0.030876, -0.965167, 0.002737, -0.96521, 0.022239, 0.260529, 1.8978, 0.029509, 0.999276, 0.024024, 0.499688, 0.0, 0.0, 0.0, 1.0],
                [-0.518086, 0.034145, -0.854647, 0.037591, -0.854899, 0.011023, 0.518678, 1.968132, 0.027131, 0.999356, 0.023479, 0.491385, 0.0, 0.0, 0.0, 1.0],
                [-0.675705, 0.029671, -0.736575, 0.072446, -0.736871, 0.001385, 0.676032, 2.011978, 0.021078, 0.999559, 0.020927, 0.483081, 0.0, 0.0, 0.0, 1.0],
                [-0.797465, 0.019631, -0.603046, 0.068331, -0.603264, -0.007609, 0.797505, 2.066129, 0.011067, 0.999778, 0.017911, 0.491023, 0.0, 0.0, 0.0, 1.0],
                [-0.884117, 0.004182, -0.467247, 0.056159, -0.467254, -0.014952, 0.883997, 2.118994, -0.003289, 0.999879, 0.015174, 0.514585, 0.0, 0.0, 0.0, 1.0],
                [-0.940774, -0.01456, -0.338721, 0.037613, -0.338422, -0.019676, 0.940789, 2.170792, -0.020362, 0.9997, 0.013583, 0.550648, 0.0, 0.0, 0.0, 1.0],
                [-0.975127, -0.033382, -0.21912, 0.016577, -0.21849, -0.021536, 0.975602, 2.222084, -0.037286, 0.999211, 0.013706, 0.591866, 0.0, 0.0, 0.0, 1.0],
                [-0.993421, -0.048961, -0.103521, -0.001969, -0.102604, -0.0209, 0.994503, 2.273615, -0.050855, 0.998582, 0.015739, 0.628729, 0.0, 0.0, 0.0, 1.0],
                [-0.998151, -0.059056, 0.014405, -0.014141, 0.015525, -0.01854, 0.999708, 2.325992, -0.058771, 0.998083, 0.019422, 0.65375, 0.0, 0.0, 0.0, 1.0],
                [-0.988435, -0.062905, 0.137984, -0.018256, 0.139206, -0.015446, 0.990143, 2.379501, -0.060154, 0.9979, 0.024024, 0.663613, 0.0, 0.0, 0.0, 1.0],
                [-0.96184, -0.062448, 0.266391, -0.017939, 0.267637, -0.012368, 0.963441, 2.441579, -0.05687, 0.997972, 0.028609, 0.66547, 0.0, 0.0, 0.0, 1.0],
                [-0.91617, -0.059395, 0.396365, -0.016953, 0.397577, -0.00969, 0.917518, 2.516469, -0.050655, 0.998188, 0.032492, 0.666803, 0.0, 0.0, 0.0, 1.0],
                [-0.851524, -0.054, 0.521528, -0.015363, 0.522641, -0.007968, 0.852516, 2.5941, -0.04188, 0.998509, 0.035007, 0.667599, 0.0, 0.0, 0.0, 1.0],
                [-0.772666, -0.047286, 0.633049, -0.013439, 0.634015, -0.007505, 0.773284, 2.659401, -0.031815, 0.998853, 0.035779, 0.667996, 0.0, 0.0, 0.0, 1.0],
                [-0.688026, -0.040624, 0.724548, -0.011534, 0.725349, -0.008104, 0.688333, 2.700404, -0.022091, 0.999142, 0.035042, 0.668232, 0.0, 0.0, 0.0, 1.0],
                [-0.60534, -0.034976, 0.795198, -0.009895, 0.795847, -0.00925, 0.605427, 2.713656, -0.01382, 0.999345, 0.033435, 0.668509, 0.0, 0.0, 0.0, 1.0],
                [-0.530059, -0.029323, 0.847454, -0.008233, 0.84794, -0.011235, 0.529974, 2.713194, -0.006019, 0.999507, 0.03082, 0.668823, 0.0, 0.0, 0.0, 1.0],
                [-0.465733, -0.022627, 0.884636, -0.006232, 0.884922, -0.014582, 0.465511, 2.711827, 0.002367, 0.999638, 0.026815, 0.669076, 0.0, 0.0, 0.0, 1.0],
                [-0.411022, -0.015591, 0.911492, -0.004066, 0.911562, -0.018824, 0.410731, 2.709744, 0.010755, 0.999701, 0.021949, 0.669258, 0.0, 0.0, 0.0, 1.0],
                [-0.35912, -0.009253, 0.933246, -0.002026, 0.933112, -0.023193, 0.358839, 2.707381, 0.018324, 0.999688, 0.016963, 0.669367, 0.0, 0.0, 0.0, 1.0],
                [-0.300207, -0.004699, 0.953863, -0.000421, 0.953567, -0.026881, 0.299981, 2.705297, 0.024231, 0.999628, 0.01255, 0.669419, 0.0, 0.0, 0.0, 1.0],
                [-0.225974, -0.0026, 0.97413, 0.000557, 0.973732, -0.029303, 0.225804, 2.70393, 0.027958, 0.999567, 0.009154, 0.669435, 0.0, 0.0, 0.0, 1.0],
                [-0.132392, -0.003025, 0.991193, 0.000872, 0.99076, -0.030117, 0.132242, 2.703468, 0.029452, 0.999542, 0.006984, 0.669437, 0.0, 0.0, 0.0, 1.0],
                [-0.011461, -0.007341, 0.999907, 0.000826, 0.999709, -0.021294, 0.011302, 2.708149, 0.021209, 0.999746, 0.007583, 0.656181, 0.0, 0.0, 0.0, 1.0],
                [0.137511, -0.014246, 0.990398, 0.000693, 0.990495, 0.005088, -0.137452, 2.721693, -0.003081, 0.999885, 0.014811, 0.620533, 0.0, 0.0, 0.0, 1.0],
                [0.281094, -0.017737, 0.959516, 0.00054, 0.959215, 0.036314, -0.280334, 2.737242, -0.029872, 0.999183, 0.027221, 0.584827, 0.0, 0.0, 0.0, 1.0],
                [0.416658, -0.016905, 0.908906, 0.00037, 0.907226, 0.071269, -0.414563, 2.754612, -0.057769, 0.997314, 0.045031, 0.5457, 0.0, 0.0, 0.0, 1.0],
                [0.52401, -0.012288, 0.851624, 0.000203, 0.847676, 0.104754, -0.520069, 2.771589, -0.08282, 0.994422, 0.065309, 0.52377, 0.0, 0.0, 0.0, 1.0],
                [0.599404, -0.00607, 0.800424, 6.6e-05, 0.793986, 0.131305, -0.593587, 2.783859, -0.101497, 0.991323, 0.083524, 0.52641, 0.0, 0.0, 0.0, 1.0],
                [0.626362, -0.003025, 0.779526, 8e-06, 0.771847, 0.142473, -0.61964, 2.791412, -0.109187, 0.989794, 0.091574, 0.529687, 0.0, 0.0, 0.0, 1.0],
                [0.626362, -0.003025, 0.779526, 8e-06, 0.771847, 0.142473, -0.61964, 2.795405, -0.109187, 0.989794, 0.091574, 0.530477, 0.0, 0.0, 0.0, 1.0],
                [0.626362, -0.003025, 0.779526, 8e-06, 0.771847, 0.142473, -0.61964, 2.79776, -0.109187, 0.989794, 0.091574, 0.53094, 0.0, 0.0, 0.0, 1.0],
                [0.626362, -0.003025, 0.779526, 8e-06, 0.771847, 0.142473, -0.61964, 2.799313, -0.109187, 0.989794, 0.091574, 0.531241, 0.0, 0.0, 0.0, 1.0],
                [0.626362, -0.003025, 0.779526, 8e-06, 0.771847, 0.142473, -0.61964, 2.800392, -0.109187, 0.989794, 0.091574, 0.531444, 0.0, 0.0, 0.0, 1.0],
                [0.626362, -0.003025, 0.779526, 8e-06, 0.771847, 0.142473, -0.61964, 2.801163, -0.109187, 0.989794, 0.091574, 0.531582, 0.0, 0.0, 0.0, 1.0],
                [0.626362, -0.003025, 0.779526, 8e-06, 0.771847, 0.142473, -0.61964, 2.801726, -0.109187, 0.989794, 0.091574, 0.531674, 0.0, 0.0, 0.0, 1.0],
                [0.626362, -0.003025, 0.779526, 8e-06, 0.771847, 0.142473, -0.61964, 2.802148, -0.109187, 0.989794, 0.091574, 0.531735, 0.0, 0.0, 0.0, 1.0],
                [0.626362, -0.003025, 0.779526, 8e-06, 0.771847, 0.142473, -0.61964, 2.802474, -0.109187, 0.989794, 0.091574, 0.531773, 0.0, 0.0, 0.0, 1.0],
                [0.626362, -0.003025, 0.779526, 8e-06, 0.771847, 0.142473, -0.61964, 2.802739, -0.109187, 0.989794, 0.091574, 0.531794, 0.0, 0.0, 0.0, 1.0],
                [0.626362, -0.003025, 0.779526, 8e-06, 0.771847, 0.142473, -0.61964, 2.80297, -0.109187, 0.989794, 0.091574, 0.531805, 0.0, 0.0, 0.0, 1.0],
                [0.626362, -0.003025, 0.779526, 8e-06, 0.771847, 0.142473, -0.61964, 2.803189, -0.109187, 0.989794, 0.091574, 0.531809, 0.0, 0.0, 0.0, 1.0],
                [0.626362, -0.003025, 0.779526, 8e-06, 0.771847, 0.142473, -0.61964, 2.803414, -0.109187, 0.989794, 0.091574, 0.531809, 0.0, 0.0, 0.0, 1.0],
                [0.626362, -0.003025, 0.779526, 8e-06, 0.771847, 0.142473, -0.61964, 2.803662, -0.109187, 0.989794, 0.091574, 0.53181, 0.0, 0.0, 0.0, 1.0],
                [0.626362, -0.003025, 0.779526, 8e-06, 0.771847, 0.142473, -0.61964, 2.803946, -0.109187, 0.989794, 0.091574, 0.531812, 0.0, 0.0, 0.0, 1.0],
                [0.626362, -0.003025, 0.779526, 8e-06, 0.771847, 0.142473, -0.61964, 2.804279, -0.109187, 0.989794, 0.091574, 0.53182, 0.0, 0.0, 0.0, 1.0],
                [0.626362, -0.003025, 0.779526, 8e-06, 0.771847, 0.142473, -0.61964, 2.804672, -0.109187, 0.989794, 0.091574, 0.531834, 0.0, 0.0, 0.0, 1.0],
                [0.626362, -0.003025, 0.779526, 8e-06, 0.771847, 0.142473, -0.61964, 2.805138, -0.109187, 0.989794, 0.091574, 0.531858, 0.0, 0.0, 0.0, 1.0],
                [0.626362, -0.003025, 0.779526, 8e-06, 0.771847, 0.142473, -0.61964, 2.805688, -0.109187, 0.989794, 0.091574, 0.531893, 0.0, 0.0, 0.0, 1.0],
                [0.626362, -0.003025, 0.779526, 8e-06, 0.771847, 0.142473, -0.61964, 2.806332, -0.109187, 0.989794, 0.091574, 0.53194, 0.0, 0.0, 0.0, 1.0],
                [0.626362, -0.003025, 0.779526, 8e-06, 0.771847, 0.142473, -0.61964, 2.807082, -0.109187, 0.989794, 0.091574, 0.532002, 0.0, 0.0, 0.0, 1.0],
                [0.626362, -0.003025, 0.779526, 8e-06, 0.771847, 0.142473, -0.61964, 2.80795, -0.109187, 0.989794, 0.091574, 0.532082, 0.0, 0.0, 0.0, 1.0],
                [0.626362, -0.003025, 0.779526, 8e-06, 0.771847, 0.142473, -0.61964, 2.808945, -0.109187, 0.989794, 0.091574, 0.53218, 0.0, 0.0, 0.0, 1.0],
                [0.626362, -0.003025, 0.779526, 8e-06, 0.771847, 0.142473, -0.61964, 2.810083, -0.109187, 0.989794, 0.091574, 0.532299, 0.0, 0.0, 0.0, 1.0],
                [0.626362, -0.003025, 0.779526, 8e-06, 0.771847, 0.142473, -0.61964, 2.811375, -0.109187, 0.989794, 0.091574, 0.532441, 0.0, 0.0, 0.0, 1.0],
                [0.626362, -0.003025, 0.779526, 8e-06, 0.771847, 0.142473, -0.61964, 2.812837, -0.109187, 0.989794, 0.091574, 0.532609, 0.0, 0.0, 0.0, 1.0],
                [0.626362, -0.003025, 0.779526, 8e-06, 0.771847, 0.142473, -0.61964, 2.814484, -0.109187, 0.989794, 0.091574, 0.532805, 0.0, 0.0, 0.0, 1.0],
                [0.626362, -0.003025, 0.779526, 8e-06, 0.771847, 0.142473, -0.61964, 2.816333, -0.109187, 0.989794, 0.091574, 0.533032, 0.0, 0.0, 0.0, 1.0],
                [0.626362, -0.003025, 0.779526, 8e-06, 0.771847, 0.142473, -0.61964, 2.818403, -0.109187, 0.989794, 0.091574, 0.533293, 0.0, 0.0, 0.0, 1.0],
                [0.626362, -0.003025, 0.779526, 8e-06, 0.771847, 0.142473, -0.61964, 2.820716, -0.109187, 0.989794, 0.091574, 0.533592, 0.0, 0.0, 0.0, 1.0],
                [0.626362, -0.003025, 0.779526, 8e-06, 0.771847, 0.142473, -0.61964, 2.823296, -0.109187, 0.989794, 0.091574, 0.533932, 0.0, 0.0, 0.0, 1.0],
                [0.627036, -0.002926, 0.778985, -0.000352, 0.77136, 0.141953, -0.620365, 2.826602, -0.108764, 0.989869, 0.091266, 0.534935, 0.0, 0.0, 0.0, 1.0],
                [0.629085, -0.002631, 0.777332, -0.001439, 0.76987, 0.14038, -0.62257, 2.831081, -0.107483, 0.990094, 0.090337, 0.537233, 0.0, 0.0, 0.0, 1.0],
                [0.632538, -0.002147, 0.774526, -0.003257, 0.767332, 0.137743, -0.626281, 2.836731, -0.105341, 0.990466, 0.088775, 0.540839, 0.0, 0.0, 0.0, 1.0],
                [0.637402, -0.00149, 0.77053, -0.0058, 0.763704, 0.134046, -0.631497, 2.843527, -0.102345, 0.990974, 0.086579, 0.54574, 0.0, 0.0, 0.0, 1.0],
                [0.643655, -0.000686, 0.765315, -0.009045, 0.758946, 0.129314, -0.638184, 2.851417, -0.098528, 0.991603, 0.083754, 0.551902, 0.0, 0.0, 0.0, 1.0],
                [0.651241, 0.00023, 0.758871, -0.012951, 0.753034, 0.123595, -0.646269, 2.860317, -0.093941, 0.992333, 0.080316, 0.559255, 0.0, 0.0, 0.0, 1.0],
                [0.660061, 0.001214, 0.751211, -0.017457, 0.745961, 0.116968, -0.655637, 2.87011, -0.088664, 0.993135, 0.0763, 0.567694, 0.0, 0.0, 0.0, 1.0],
                [0.669979, 0.002217, 0.742377, -0.02248, 0.737748, 0.109547, -0.666129, 2.88064, -0.082802, 0.993979, 0.071759, 0.577076, 0.0, 0.0, 0.0, 1.0],
                [0.680815, 0.003184, 0.732449, -0.027913, 0.728451, 0.101478, -0.67754, 2.891716, -0.076485, 0.994833, 0.066768, 0.587217, 0.0, 0.0, 0.0, 1.0],
                [0.692354, 0.004064, 0.721547, -0.033633, 0.718168, 0.09294, -0.689635, 2.903116, -0.069863, 0.995663, 0.061428, 0.5979, 0.0, 0.0, 0.0, 1.0],
                [0.704355, 0.004813, 0.709831, -0.0395, 0.707037, 0.084138, -0.702153, 2.914597, -0.063103, 0.996442, 0.05586, 0.608881, 0.0, 0.0, 0.0, 1.0],
                [0.716566, 0.005393, 0.697498, -0.045367, 0.695238, 0.075291, -0.714826, 2.925904, -0.056371, 0.997147, 0.050202, 0.619901, 0.0, 0.0, 0.0, 1.0],
                [0.728737, 0.005785, 0.684769, -0.051087, 0.682978, 0.066625, -0.727394, 2.93679, -0.049831, 0.997761, 0.044601, 0.630701, 0.0, 0.0, 0.0, 1.0],
                [0.740637, 0.00598, 0.671879, -0.056521, 0.670488, 0.058353, -0.739622, 2.947019, -0.043629, 0.998278, 0.039209, 0.641034, 0.0, 0.0, 0.0, 1.0],
                [0.752064, 0.005985, 0.659062, -0.061543, 0.658, 0.050669, -0.751312, 2.956388, -0.037891, 0.998698, 0.034169, 0.65068, 0.0, 0.0, 0.0, 1.0],
                [0.762857, 0.005818, 0.646541, -0.066049, 0.645739, 0.043739, -0.762304, 2.964729, -0.032714, 0.999026, 0.029609, 0.659449, 0.0, 0.0, 0.0, 1.0],
                [0.772892, 0.005508, 0.634513, -0.069955, 0.633912, 0.037692, -0.772486, 2.97191, -0.028171, 0.999274, 0.025641, 0.667193, 0.0, 0.0, 0.0, 1.0],
                [0.782087, 0.005084, 0.623149, -0.0732, 0.622695, 0.032626, -0.781784, 2.977841, -0.024306, 0.999455, 0.022351, 0.6738, 0.0, 0.0, 0.0, 1.0],
                [0.790393, 0.004581, 0.612583, -0.075743, 0.612235, 0.028605, -0.790158, 2.982465, -0.021143, 0.99958, 0.019804, 0.679195, 0.0, 0.0, 0.0, 1.0],
                [0.797791, 0.00403, 0.602921, -0.077562, 0.602645, 0.025664, -0.797597, 2.985756, -0.018688, 0.999663, 0.018045, 0.683337, 0.0, 0.0, 0.0, 1.0],
                [0.804284, 0.003459, 0.594236, -0.078648, 0.594004, 0.023813, -0.804109, 2.987716, -0.016932, 0.99971, 0.017098, 0.686209, 0.0, 0.0, 0.0, 1.0],
                [0.80989, 0.002892, 0.586575, -0.079008, 0.586367, 0.023046, -0.809717, 2.988362, -0.01586, 0.99973, 0.016969, 0.687816, 0.0, 0.0, 0.0, 1.0],
                [0.815033, 0.002341, 0.57941, -0.07873, 0.579217, 0.022834, -0.814853, 2.988184, -0.015138, 0.999737, 0.017255, 0.688778, 0.0, 0.0, 0.0, 1.0],
                [0.820106, 0.001807, 0.572209, -0.077889, 0.572029, 0.022662, -0.81992, 2.987648, -0.014449, 0.999742, 0.017552, 0.689699, 0.0, 0.0, 0.0, 1.0],
                [0.825095, 0.001294, 0.564992, -0.076482, 0.564825, 0.022529, -0.824903, 2.98675, -0.013796, 0.999745, 0.017858, 0.690576, 0.0, 0.0, 0.0, 1.0],
                [0.829982, 0.000803, 0.557789, -0.07451, 0.557634, 0.022437, -0.829784, 2.985492, -0.013182, 0.999748, 0.018175, 0.691406, 0.0, 0.0, 0.0, 1.0],
                [0.83475, 0.000337, 0.55063, -0.071984, 0.550485, 0.022385, -0.834545, 2.98388, -0.012607, 0.999749, 0.0185, 0.692185, 0.0, 0.0, 0.0, 1.0],
                [0.839377, -0.000101, 0.54355, -0.068926, 0.543416, 0.022372, -0.839165, 2.981928, -0.012075, 0.99975, 0.018834, 0.692911, 0.0, 0.0, 0.0, 1.0],
                [0.843842, -0.00051, 0.536592, -0.065366, 0.536467, 0.022397, -0.843624, 2.979656, -0.011588, 0.999749, 0.019173, 0.69358, 0.0, 0.0, 0.0, 1.0],
                [0.848124, -0.000887, 0.529797, -0.061351, 0.529681, 0.022458, -0.8479, 2.977093, -0.011146, 0.999747, 0.019517, 0.694191, 0.0, 0.0, 0.0, 1.0],
                [0.8522, -0.001232, 0.523214, -0.056939, 0.523105, 0.022552, -0.85197, 2.974278, -0.01075, 0.999745, 0.019863, 0.694742, 0.0, 0.0, 0.0, 1.0],
                [0.856051, -0.001542, 0.51689, -0.052201, 0.516787, 0.022675, -0.855814, 2.971254, -0.010401, 0.999742, 0.020208, 0.695232, 0.0, 0.0, 0.0, 1.0],
                [0.859655, -0.001817, 0.510871, -0.04722, 0.510774, 0.022822, -0.859412, 2.968075, -0.010098, 0.999738, 0.020548, 0.695662, 0.0, 0.0, 0.0, 1.0],
                [0.862998, -0.002058, 0.505203, -0.04209, 0.505111, 0.02299, -0.862748, 2.964801, -0.009839, 0.999734, 0.02088, 0.696033, 0.0, 0.0, 0.0, 1.0],
                [0.866066, -0.002265, 0.499925, -0.03691, 0.499838, 0.023171, -0.865809, 2.961495, -0.009622, 0.999729, 0.0212, 0.696347, 0.0, 0.0, 0.0, 1.0],
                [0.868849, -0.002441, 0.495071, -0.03178, 0.494987, 0.023361, -0.868586, 2.958221, -0.009445, 0.999724, 0.021505, 0.696608, 0.0, 0.0, 0.0, 1.0],
                [0.871344, -0.002586, 0.490665, -0.026799, 0.490584, 0.023553, -0.871076, 2.955042, -0.009304, 0.999719, 0.021791, 0.696821, 0.0, 0.0, 0.0, 1.0],
                [0.873551, -0.002704, 0.486725, -0.022061, 0.486646, 0.023742, -0.873277, 2.952018, -0.009194, 0.999714, 0.022056, 0.69699, 0.0, 0.0, 0.0, 1.0],
                [0.875473, -0.002798, 0.483258, -0.017649, 0.483181, 0.023924, -0.875194, 2.949202, -0.009112, 0.99971, 0.022297, 0.69712, 0.0, 0.0, 0.0, 1.0],
                [0.877119, -0.002871, 0.480264, -0.013634, 0.480187, 0.024093, -0.876835, 2.94664, -0.009054, 0.999706, 0.022511, 0.697217, 0.0, 0.0, 0.0, 1.0],
                [0.8785, -0.002925, 0.477734, -0.010074, 0.477658, 0.024246, -0.878211, 2.944369, -0.009014, 0.999702, 0.022697, 0.697287, 0.0, 0.0, 0.0, 1.0],
                [0.879627, -0.002964, 0.475655, -0.007016, 0.475579, 0.024379, -0.879335, 2.942416, -0.00899, 0.999698, 0.022854, 0.697335, 0.0, 0.0, 0.0, 1.0],
                [0.880516, -0.002991, 0.474007, -0.00449, 0.473931, 0.024491, -0.880221, 2.940804, -0.008976, 0.999696, 0.022982, 0.697365, 0.0, 0.0, 0.0, 1.0],
                [0.881182, -0.003009, 0.472768, -0.002518, 0.472693, 0.024579, -0.880885, 2.939546, -0.00897, 0.999693, 0.023081, 0.697382, 0.0, 0.0, 0.0, 1.0],
                [0.881639, -0.003019, 0.471915, -0.001111, 0.471839, 0.024643, -0.88134, 2.938648, -0.008969, 0.999692, 0.023151, 0.697391, 0.0, 0.0, 0.0, 1.0],
                [0.881903, -0.003023, 0.471421, -0.00027, 0.471345, 0.024682, -0.881603, 2.938112, -0.00897, 0.999691, 0.023192, 0.697394, 0.0, 0.0, 0.0, 1.0],
                [0.881988, -0.003025, 0.471262, 8e-06, 0.471187, 0.024694, -0.881688, 2.937934, -0.008971, 0.99969, 0.023205, 0.697394, 0.0, 0.0, 0.0, 1.0],
                [0.881988, -0.003025, 0.471262, 8e-06, 0.471187, 0.024694, -0.881688, 2.937934, -0.008971, 0.99969, 0.023205, 0.697394, 0.0, 0.0, 0.0, 1.0],
                [0.881988, -0.003025, 0.471262, 8e-06, 0.471187, 0.024694, -0.881688, 2.937934, -0.008971, 0.99969, 0.023205, 0.697394, 0.0, 0.0, 0.0, 1.0],
                [0.881988, -0.003025, 0.471262, 8e-06, 0.471187, 0.024694, -0.881688, 2.937934, -0.008971, 0.99969, 0.023205, 0.697394, 0.0, 0.0, 0.0, 1.0],
                [0.881988, -0.003025, 0.471262, 8e-06, 0.471187, 0.024694, -0.881688, 2.937934, -0.008971, 0.99969, 0.023205, 0.697394, 0.0, 0.0, 0.0, 1.0],
                [0.881988, -0.003025, 0.471262, 8e-06, 0.471187, 0.024694, -0.881688, 2.937934, -0.008971, 0.99969, 0.023205, 0.697394, 0.0, 0.0, 0.0, 1.0],
                [0.881988, -0.003025, 0.471262, 8e-06, 0.471187, 0.024694, -0.881688, 2.937934, -0.008971, 0.99969, 0.023205, 0.697394, 0.0, 0.0, 0.0, 1.0],
                [0.881988, -0.003025, 0.471262, 8e-06, 0.471187, 0.024694, -0.881688, 2.937934, -0.008971, 0.99969, 0.023205, 0.697394, 0.0, 0.0, 0.0, 1.0],
                [0.881988, -0.003025, 0.471262, 8e-06, 0.471187, 0.024694, -0.881688, 2.937934, -0.008971, 0.99969, 0.023205, 0.697394, 0.0, 0.0, 0.0, 1.0],
                [0.881988, -0.003025, 0.471262, 8e-06, 0.471187, 0.024694, -0.881688, 2.937934, -0.008971, 0.99969, 0.023205, 0.697394, 0.0, 0.0, 0.0, 1.0],
                [0.881988, -0.003025, 0.471262, 8e-06, 0.471187, 0.024694, -0.881688, 2.937934, -0.008971, 0.99969, 0.023205, 0.697394, 0.0, 0.0, 0.0, 1.0],
                [0.881988, -0.003025, 0.471262, 8e-06, 0.471187, 0.024694, -0.881688, 2.937934, -0.008971, 0.99969, 0.023205, 0.697394, 0.0, 0.0, 0.0, 1.0],
                [0.881988, -0.003025, 0.471262, 8e-06, 0.471187, 0.024694, -0.881688, 2.937934, -0.008971, 0.99969, 0.023205, 0.697394, 0.0, 0.0, 0.0, 1.0],
                [0.881988, -0.003025, 0.471262, 8e-06, 0.471187, 0.024694, -0.881688, 2.937934, -0.008971, 0.99969, 0.023205, 0.697394, 0.0, 0.0, 0.0, 1.0],
                [0.881988, -0.003025, 0.471262, 8e-06, 0.471187, 0.024694, -0.881688, 2.937934, -0.008971, 0.99969, 0.023205, 0.697394, 0.0, 0.0, 0.0, 1.0],
                [0.881988, -0.003025, 0.471262, 8e-06, 0.471187, 0.024694, -0.881688, 2.937934, -0.008971, 0.99969, 0.023205, 0.697394, 0.0, 0.0, 0.0, 1.0],
                [0.881988, -0.003025, 0.471262, 8e-06, 0.471187, 0.024694, -0.881688, 2.937934, -0.008971, 0.99969, 0.023205, 0.697394, 0.0, 0.0, 0.0, 1.0],
                [0.881988, -0.003025, 0.471262, 8e-06, 0.471187, 0.024694, -0.881688, 2.937934, -0.008971, 0.99969, 0.023205, 0.697394, 0.0, 0.0, 0.0, 1.0],
                [0.881988, -0.003025, 0.471262, 8e-06, 0.471187, 0.024694, -0.881688, 2.937934, -0.008971, 0.99969, 0.023205, 0.697394, 0.0, 0.0, 0.0, 1.0],
                [0.881988, -0.003025, 0.471262, 8e-06, 0.471187, 0.024694, -0.881688, 2.937934, -0.008971, 0.99969, 0.023205, 0.697394, 0.0, 0.0, 0.0, 1.0],
                [0.881988, -0.003025, 0.471262, 8e-06, 0.471187, 0.024694, -0.881688, 2.937934, -0.008971, 0.99969, 0.023205, 0.697394, 0.0, 0.0, 0.0, 1.0],
                [0.881988, -0.003025, 0.471262, 8e-06, 0.471187, 0.024694, -0.881688, 2.937934, -0.008971, 0.99969, 0.023205, 0.697394, 0.0, 0.0, 0.0, 1.0],
                [0.881988, -0.003025, 0.471262, 8e-06, 0.471187, 0.024694, -0.881688, 2.937934, -0.008971, 0.99969, 0.023205, 0.697394, 0.0, 0.0, 0.0, 1.0],
                [0.881988, -0.003025, 0.471262, 8e-06, 0.471187, 0.024694, -0.881688, 2.937934, -0.008971, 0.99969, 0.023205, 0.697394, 0.0, 0.0, 0.0, 1.0],
                [0.881988, -0.003025, 0.471262, 8e-06, 0.471187, 0.024694, -0.881688, 2.937934, -0.008971, 0.99969, 0.023205, 0.697394, 0.0, 0.0, 0.0, 1.0],
                [0.881988, -0.003025, 0.471262, 8e-06, 0.471187, 0.024694, -0.881688, 2.937934, -0.008971, 0.99969, 0.023205, 0.697394, 0.0, 0.0, 0.0, 1.0],
                [0.881988, -0.003025, 0.471262, 8e-06, 0.471187, 0.024694, -0.881688, 2.937934, -0.008971, 0.99969, 0.023205, 0.697394, 0.0, 0.0, 0.0, 1.0],
                [0.881988, -0.003025, 0.471262, 8e-06, 0.471187, 0.024694, -0.881688, 2.937934, -0.008971, 0.99969, 0.023205, 0.697394, 0.0, 0.0, 0.0, 1.0],
                [0.881988, -0.003025, 0.471262, 8e-06, 0.471187, 0.024694, -0.881688, 2.937934, -0.008971, 0.99969, 0.023205, 0.697394, 0.0, 0.0, 0.0, 1.0],
                [0.881988, -0.003025, 0.471262, 8e-06, 0.471187, 0.024694, -0.881688, 2.937934, -0.008971, 0.99969, 0.023205, 0.697394, 0.0, 0.0, 0.0, 1.0],
                [0.881988, -0.003025, 0.471262, 8e-06, 0.471187, 0.024694, -0.881688, 2.937934, -0.008971, 0.99969, 0.023205, 0.697394, 0.0, 0.0, 0.0, 1.0],
                [0.881988, -0.003025, 0.471262, 8e-06, 0.471187, 0.024694, -0.881688, 2.937934, -0.008971, 0.99969, 0.023205, 0.697394, 0.0, 0.0, 0.0, 1.0],
                [0.881988, -0.003025, 0.471262, 8e-06, 0.471187, 0.024694, -0.881688, 2.937934, -0.008971, 0.99969, 0.023205, 0.697394, 0.0, 0.0, 0.0, 1.0],
                [0.881988, -0.003025, 0.471262, 8e-06, 0.471187, 0.024694, -0.881688, 2.937934, -0.008971, 0.99969, 0.023205, 0.697394, 0.0, 0.0, 0.0, 1.0],
                [0.881988, -0.003025, 0.471262, 8e-06, 0.471187, 0.024694, -0.881688, 2.937934, -0.008971, 0.99969, 0.023205, 0.697394, 0.0, 0.0, 0.0, 1.0],
                [0.881988, -0.003025, 0.471262, 8e-06, 0.471187, 0.024694, -0.881688, 2.937934, -0.008971, 0.99969, 0.023205, 0.697394, 0.0, 0.0, 0.0, 1.0],
                [0.881988, -0.003025, 0.471262, 8e-06, 0.471187, 0.024694, -0.881688, 2.937934, -0.008971, 0.99969, 0.023205, 0.697394, 0.0, 0.0, 0.0, 1.0],
                [0.881988, -0.003025, 0.471262, 8e-06, 0.471187, 0.024694, -0.881688, 2.937934, -0.008971, 0.99969, 0.023205, 0.697394, 0.0, 0.0, 0.0, 1.0],
                [0.881988, -0.003025, 0.471262, 8e-06, 0.471187, 0.024694, -0.881688, 2.937934, -0.008971, 0.99969, 0.023205, 0.697394, 0.0, 0.0, 0.0, 1.0],
                [0.881988, -0.003025, 0.471262, 8e-06, 0.471187, 0.024694, -0.881688, 2.937934, -0.008971, 0.99969, 0.023205, 0.697394, 0.0, 0.0, 0.0, 1.0],
                [0.881988, -0.003025, 0.471262, 8e-06, 0.471187, 0.024694, -0.881688, 2.937934, -0.008971, 0.99969, 0.023205, 0.697394, 0.0, 0.0, 0.0, 1.0],
                [0.881988, -0.003025, 0.471262, 8e-06, 0.471187, 0.024694, -0.881688, 2.937934, -0.008971, 0.99969, 0.023205, 0.697394, 0.0, 0.0, 0.0, 1.0],
                [0.881988, -0.003025, 0.471262, 8e-06, 0.471187, 0.024694, -0.881688, 2.937934, -0.008971, 0.99969, 0.023205, 0.697394, 0.0, 0.0, 0.0, 1.0],
                [0.881988, -0.003025, 0.471262, 8e-06, 0.471187, 0.024694, -0.881688, 2.937934, -0.008971, 0.99969, 0.023205, 0.697394, 0.0, 0.0, 0.0, 1.0],
                [0.881988, -0.003025, 0.471262, 8e-06, 0.471187, 0.024694, -0.881688, 2.937934, -0.008971, 0.99969, 0.023205, 0.697394, 0.0, 0.0, 0.0, 1.0],
                [0.881988, -0.003025, 0.471262, 8e-06, 0.471187, 0.024694, -0.881688, 2.937934, -0.008971, 0.99969, 0.023205, 0.697394, 0.0, 0.0, 0.0, 1.0],
                [0.881988, -0.003025, 0.471262, 8e-06, 0.471187, 0.024694, -0.881688, 2.937934, -0.008971, 0.99969, 0.023205, 0.697394, 0.0, 0.0, 0.0, 1.0],
                [0.881988, -0.003025, 0.471262, 8e-06, 0.471187, 0.024694, -0.881688, 2.937934, -0.008971, 0.99969, 0.023205, 0.697394, 0.0, 0.0, 0.0, 1.0],
                [0.881988, -0.003025, 0.471262, 8e-06, 0.471187, 0.024694, -0.881688, 2.937934, -0.008971, 0.99969, 0.023205, 0.697394, 0.0, 0.0, 0.0, 1.0],
                [0.881988, -0.003025, 0.471262, 8e-06, 0.471187, 0.024694, -0.881688, 2.937934, -0.008971, 0.99969, 0.023205, 0.697394, 0.0, 0.0, 0.0, 1.0],
                [0.881988, -0.003025, 0.471262, 8e-06, 0.471187, 0.024694, -0.881688, 2.937934, -0.008971, 0.99969, 0.023205, 0.697394, 0.0, 0.0, 0.0, 1.0],
                [0.881988, -0.003025, 0.471262, 8e-06, 0.471187, 0.024694, -0.881688, 2.937934, -0.008971, 0.99969, 0.023205, 0.697394, 0.0, 0.0, 0.0, 1.0],
                [0.881988, -0.003025, 0.471262, 8e-06, 0.471187, 0.024694, -0.881688, 2.937934, -0.008971, 0.99969, 0.023205, 0.697394, 0.0, 0.0, 0.0, 1.0],
                [0.881988, -0.003025, 0.471262, 8e-06, 0.471187, 0.024694, -0.881688, 2.937934, -0.008971, 0.99969, 0.023205, 0.697394, 0.0, 0.0, 0.0, 1.0],
                [0.881988, -0.003025, 0.471262, 8e-06, 0.471187, 0.024694, -0.881688, 2.937934, -0.008971, 0.99969, 0.023205, 0.697394, 0.0, 0.0, 0.0, 1.0],
                [0.881988, -0.003025, 0.471262, 8e-06, 0.471187, 0.024694, -0.881688, 2.937934, -0.008971, 0.99969, 0.023205, 0.697394, 0.0, 0.0, 0.0, 1.0],
                [0.881988, -0.003025, 0.471262, 8e-06, 0.471187, 0.024694, -0.881688, 2.937934, -0.008971, 0.99969, 0.023205, 0.697394, 0.0, 0.0, 0.0, 1.0],
                [0.881993, -0.003027, 0.471252, 2.2e-05, 0.471176, 0.024693, -0.881693, 2.937934, -0.008968, 0.99969, 0.023206, 0.697403, 0.0, 0.0, 0.0, 1.0],
                [0.882012, -0.003035, 0.471218, 6.2e-05, 0.471142, 0.02469, -0.881712, 2.937934, -0.008958, 0.999691, 0.023207, 0.69743, 0.0, 0.0, 0.0, 1.0],
                [0.882046, -0.003048, 0.471154, 0.000126, 0.471079, 0.024685, -0.881746, 2.937934, -0.008943, 0.999691, 0.02321, 0.697473, 0.0, 0.0, 0.0, 1.0],
                [0.882098, -0.003065, 0.471056, 0.000212, 0.470982, 0.024679, -0.881798, 2.937934, -0.008922, 0.999691, 0.023213, 0.697531, 0.0, 0.0, 0.0, 1.0],
                [0.882171, -0.003086, 0.47092, 0.00032, 0.470846, 0.024671, -0.88187, 2.937934, -0.008896, 0.999691, 0.023217, 0.697604, 0.0, 0.0, 0.0, 1.0],
                [0.882266, -0.003111, 0.47074, 0.000447, 0.470667, 0.024661, -0.881966, 2.937934, -0.008865, 0.999691, 0.023222, 0.69769, 0.0, 0.0, 0.0, 1.0],
                [0.882387, -0.003139, 0.470513, 0.000593, 0.470441, 0.024651, -0.882087, 2.937934, -0.00883, 0.999691, 0.023228, 0.697789, 0.0, 0.0, 0.0, 1.0],
                [0.882536, -0.00317, 0.470235, 0.000757, 0.470163, 0.024639, -0.882235, 2.937934, -0.00879, 0.999691, 0.023235, 0.6979, 0.0, 0.0, 0.0, 1.0],
                [0.882714, -0.003203, 0.4699, 0.000937, 0.469829, 0.024626, -0.882414, 2.937934, -0.008745, 0.999692, 0.023243, 0.698023, 0.0, 0.0, 0.0, 1.0],
                [0.882924, -0.003239, 0.469505, 0.001132, 0.469435, 0.024612, -0.882624, 2.937934, -0.008696, 0.999692, 0.023251, 0.698157, 0.0, 0.0, 0.0, 1.0],
                [0.883168, -0.003278, 0.469045, 0.001343, 0.468977, 0.024597, -0.882868, 2.937934, -0.008643, 0.999692, 0.023261, 0.698301, 0.0, 0.0, 0.0, 1.0],
                [0.883448, -0.003318, 0.468517, 0.001567, 0.46845, 0.024582, -0.883148, 2.937934, -0.008587, 0.999692, 0.023271, 0.698456, 0.0, 0.0, 0.0, 1.0],
                [0.883767, -0.003361, 0.467915, 0.001805, 0.467849, 0.024566, -0.883467, 2.937934, -0.008526, 0.999693, 0.023283, 0.69862, 0.0, 0.0, 0.0, 1.0],
                [0.884127, -0.003404, 0.467235, 0.002056, 0.46717, 0.024549, -0.883826, 2.937934, -0.008461, 0.999693, 0.023295, 0.698794, 0.0, 0.0, 0.0, 1.0],
                [0.88453, -0.00345, 0.466471, 0.002318, 0.466409, 0.024532, -0.884229, 2.937934, -0.008393, 0.999693, 0.023308, 0.698977, 0.0, 0.0, 0.0, 1.0],
                [0.884978, -0.003496, 0.46562, 0.002593, 0.465559, 0.024515, -0.884677, 2.937934, -0.008321, 0.999693, 0.023323, 0.699169, 0.0, 0.0, 0.0, 1.0],
                [0.885474, -0.003544, 0.464676, 0.002879, 0.464616, 0.024497, -0.885173, 2.937934, -0.008246, 0.999694, 0.023338, 0.699369, 0.0, 0.0, 0.0, 1.0],
                [0.88602, -0.003593, 0.463632, 0.003175, 0.463574, 0.024479, -0.88572, 2.937934, -0.008167, 0.999694, 0.023354, 0.699577, 0.0, 0.0, 0.0, 1.0],
                [0.88662, -0.003642, 0.462483, 0.003482, 0.462427, 0.02446, -0.88632, 2.937934, -0.008084, 0.999694, 0.023371, 0.699794, 0.0, 0.0, 0.0, 1.0],
                [0.887276, -0.003692, 0.461224, 0.003798, 0.461169, 0.024442, -0.886976, 2.937934, -0.007998, 0.999694, 0.023389, 0.700018, 0.0, 0.0, 0.0, 1.0],
                [0.887991, -0.003743, 0.459845, 0.004124, 0.459792, 0.024424, -0.887691, 2.937934, -0.007909, 0.999695, 0.023409, 0.700251, 0.0, 0.0, 0.0, 1.0],
                [0.888768, -0.003793, 0.458341, 0.004459, 0.45829, 0.024405, -0.888468, 2.937934, -0.007816, 0.999695, 0.023429, 0.700491, 0.0, 0.0, 0.0, 1.0],
                [0.889611, -0.003844, 0.456703, 0.004803, 0.456654, 0.024387, -0.88931, 2.937934, -0.007719, 0.999695, 0.02345, 0.700738, 0.0, 0.0, 0.0, 1.0],
                [0.890523, -0.003895, 0.454922, 0.005156, 0.454875, 0.024369, -0.890222, 2.937934, -0.007619, 0.999695, 0.023473, 0.700993, 0.0, 0.0, 0.0, 1.0],
                [0.891507, -0.003945, 0.45299, 0.005517, 0.452944, 0.024351, -0.891206, 2.937934, -0.007515, 0.999696, 0.023496, 0.701255, 0.0, 0.0, 0.0, 1.0],
                [0.892568, -0.003995, 0.450894, 0.005885, 0.450851, 0.024334, -0.892267, 2.937934, -0.007407, 0.999696, 0.023521, 0.701524, 0.0, 0.0, 0.0, 1.0],
                [0.893711, -0.004045, 0.448625, 0.006261, 0.448584, 0.024317, -0.89341, 2.937934, -0.007296, 0.999696, 0.023547, 0.7018, 0.0, 0.0, 0.0, 1.0],
                [0.89494, -0.004093, 0.446168, 0.006645, 0.446129, 0.024301, -0.894639, 2.937934, -0.00718, 0.999696, 0.023574, 0.702084, 0.0, 0.0, 0.0, 1.0],
                [0.89626, -0.00414, 0.44351, 0.007035, 0.443473, 0.024285, -0.895959, 2.937934, -0.007061, 0.999696, 0.023602, 0.702375, 0.0, 0.0, 0.0, 1.0],
                [0.897677, -0.004187, 0.440634, 0.007433, 0.4406, 0.02427, -0.897375, 2.937934, -0.006937, 0.999697, 0.023631, 0.702673, 0.0, 0.0, 0.0, 1.0],
                [0.899197, -0.004231, 0.437523, 0.007837, 0.437491, 0.024256, -0.898896, 2.937934, -0.00681, 0.999697, 0.023662, 0.702978, 0.0, 0.0, 0.0, 1.0],
                [0.900828, -0.004274, 0.434156, 0.008248, 0.434126, 0.024244, -0.900526, 2.937934, -0.006677, 0.999697, 0.023695, 0.703291, 0.0, 0.0, 0.0, 1.0],
                [0.902576, -0.004314, 0.430509, 0.008664, 0.430481, 0.024232, -0.902274, 2.937934, -0.00654, 0.999697, 0.023728, 0.703611, 0.0, 0.0, 0.0, 1.0],
                [0.904451, -0.004352, 0.426556, 0.009087, 0.42653, 0.024222, -0.904149, 2.937934, -0.006397, 0.999697, 0.023763, 0.703939, 0.0, 0.0, 0.0, 1.0],
                [0.906462, -0.004386, 0.422264, 0.009515, 0.42224, 0.024213, -0.90616, 2.937934, -0.00625, 0.999697, 0.0238, 0.704275, 0.0, 0.0, 0.0, 1.0],
                [0.908621, -0.004418, 0.417597, 0.009949, 0.417576, 0.024206, -0.908319, 2.937934, -0.006096, 0.999697, 0.023839, 0.704618, 0.0, 0.0, 0.0, 1.0],
                [0.910941, -0.004445, 0.412512, 0.010387, 0.412494, 0.024201, -0.910639, 2.937934, -0.005936, 0.999697, 0.023879, 0.704971, 0.0, 0.0, 0.0, 1.0],
                [0.913436, -0.004467, 0.406957, 0.010831, 0.40694, 0.024198, -0.913134, 2.937934, -0.005769, 0.999697, 0.023921, 0.705332, 0.0, 0.0, 0.0, 1.0],
                [0.916125, -0.004484, 0.400867, 0.01128, 0.400853, 0.024198, -0.915823, 2.937934, -0.005594, 0.999697, 0.023965, 0.705702, 0.0, 0.0, 0.0, 1.0],
                [0.919029, -0.004494, 0.394165, 0.011732, 0.394153, 0.0242, -0.918726, 2.937934, -0.00541, 0.999697, 0.024012, 0.706082, 0.0, 0.0, 0.0, 1.0],
                [0.922173, -0.004496, 0.386751, 0.012188, 0.386742, 0.024206, -0.92187, 2.937934, -0.005217, 0.999697, 0.024061, 0.706474, 0.0, 0.0, 0.0, 1.0],
                [0.925591, -0.004488, 0.378499, 0.012648, 0.378492, 0.024216, -0.925288, 2.937934, -0.005013, 0.999697, 0.024113, 0.706877, 0.0, 0.0, 0.0, 1.0],
                [0.929323, -0.004469, 0.36924, 0.013111, 0.369236, 0.02423, -0.92902, 2.937934, -0.004795, 0.999696, 0.024168, 0.707294, 0.0, 0.0, 0.0, 1.0],
                [0.933425, -0.004435, 0.358744, 0.013575, 0.358742, 0.02425, -0.933122, 2.937934, -0.004561, 0.999696, 0.024227, 0.707726, 0.0, 0.0, 0.0, 1.0],
                [0.937974, -0.004382, 0.346679, 0.01404, 0.34668, 0.024276, -0.937669, 2.937934, -0.004307, 0.999696, 0.02429, 0.708177, 0.0, 0.0, 0.0, 1.0],
                [0.94308, -0.004303, 0.332539, 0.014504, 0.332542, 0.024311, -0.942775, 2.937934, -0.004027, 0.999695, 0.024358, 0.70865, 0.0, 0.0, 0.0, 1.0],
                [0.948923, -0.004188, 0.31548, 0.014964, 0.315486, 0.024357, -0.948618, 2.937934, -0.003711, 0.999694, 0.024434, 0.709154, 0.0, 0.0, 0.0, 1.0],
                [0.955833, -0.004014, 0.293884, 0.015414, 0.293892, 0.024419, -0.955527, 2.937934, -0.003341, 0.999694, 0.024521, 0.709702, 0.0, 0.0, 0.0, 1.0],
                [0.964587, -0.00373, 0.263738, 0.015838, 0.263749, 0.02451, -0.96428, 2.937934, -0.002868, 0.999693, 0.024626, 0.710329, 0.0, 0.0, 0.0, 1.0],
                [0.979434, -0.003025, 0.201742, 0.016147, 0.201755, 0.024694, -0.979125, 2.937934, -0.00202, 0.99969, 0.024797, 0.711232, 0.0, 0.0, 0.0, 1.0],
                [0.962859, -0.011225, 0.26977, -0.006274, 0.26993, 0.016608, -0.962737, 2.948628, 0.006327, 0.999799, 0.019021, 0.714102, 0.0, 0.0, 0.0, 1.0],
                [0.962859, -0.011225, 0.26977, -0.006274, 0.26993, 0.016608, -0.962737, 2.948628, 0.006327, 0.999799, 0.019021, 0.714102, 0.0, 0.0, 0.0, 1.0]
            ]
        },
        {
            "name": "Thigh_R",
            "time": [0.05, 0.0667, 0.0833, 0.1, 0.1167, 0.1333, 0.15, 0.1667, 0.1833, 0.2, 0.2167, 0.2333, 0.25, 0.2667, 0.2833, 0.3, 0.3167, 0.3333, 0.35, 0.3667, 0.3833, 0.4, 0.4167, 0.4333, 0.45, 0.4667, 0.4833, 0.5, 0.5167, 0.5333, 0.55, 0.5667, 0.5833, 0.6, 0.6167, 0.6333, 0.65, 0.6667, 0.6833, 0.7, 0.7167, 0.7333, 0.75, 0.7667, 0.7833, 0.8, 0.8167, 0.8333, 0.85, 0.8667, 0.8833, 0.9, 0.9167, 0.9333, 0.95, 0.9667, 0.9833, 1.0, 1.0167, 1.0333, 1.05, 1.0667, 1.0833, 1.1, 1.1167, 1.1333, 1.15, 1.1667, 1.1833, 1.2, 1.2167, 1.2333, 1.25, 1.2667, 1.2833, 1.3, 1.3167, 1.3333, 1.35, 1.3667, 1.3833, 1.4, 1.4167, 1.4333, 1.45, 1.4667, 1.4833, 1.5, 1.5167, 1.5333, 1.55, 1.5667, 1.5833, 1.6, 1.6167, 1.6333, 1.65, 1.6667, 1.6833, 1.7, 1.7167, 1.7333, 1.75, 1.7667, 1.7833, 1.8, 1.8167, 1.8333, 1.85, 1.8667, 1.8833, 1.9, 1.9167, 1.9333, 1.95, 1.9667, 1.9833, 2.0, 2.0167, 2.0333, 2.05, 2.0667, 2.0833, 2.1, 2.1167, 2.1333, 2.15, 2.1667, 2.1833, 2.2, 2.2167, 2.2333, 2.25, 2.2667, 2.2833, 2.3, 2.3167, 2.3333, 2.35, 2.3667, 2.3833, 2.4, 2.4167, 2.4333, 2.45, 2.4667, 2.4833, 2.5, 2.5167, 2.5333, 2.55, 2.5667, 2.5833, 2.6, 2.6167, 2.6333, 2.65, 2.6667, 2.6833, 2.7, 2.7167, 2.7333, 2.75, 2.7667, 2.7833, 2.8, 2.8167, 2.8333, 2.85, 2.8667, 2.8833, 2.9, 2.9167, 2.9333, 2.95, 2.9667, 2.9833, 3.0, 3.0167, 3.0333, 3.05, 3.0667, 3.0833, 3.1, 3.1167, 3.1333, 3.15, 3.1667, 3.1833, 3.2, 3.2167, 3.2333, 3.25, 3.2667, 3.2833, 3.3, 3.3167, 3.3333, 3.35, 3.3667, 3.3833, 3.4, 3.4167, 3.4333, 3.45, 3.4667, 3.4833, 3.5, 3.5167, 3.5333, 3.55, 3.5667, 3.5833, 3.6, 3.6167, 3.6333, 3.65, 3.6667],
            "transform": [
                [0.956316, 0.058351, -0.286451, 0.124994, 0.28771, -0.361469, 0.886883, -0.002831, -0.051793, -0.930553, -0.362468, -1.2e-05, 0.0, 0.0, 0.0, 1.0],
                [0.79569, -0.472208, -0.379336, 0.124994, 0.215782, -0.364194, 0.90598, -0.002831, -0.565964, -0.802731, -0.187892, -1.2e-05, 0.0, 0.0, 0.0, 1.0],
                [0.581539, -0.598578, -0.550922, 0.124994, 0.141762, -0.592284, 0.793159, -0.002831, -0.801072, -0.539352, -0.259581, -1.2e-05, 0.0, 0.0, 0.0, 1.0],
                [0.904132, -0.009735, -0.427141, 0.124995, 0.361828, -0.51421, 0.777603, -0.002831, -0.227211, -0.857605, -0.461393, -1.2e-05, 0.0, 0.0, 0.0, 1.0],
                [0.935089, 0.130663, -0.329446, 0.124994, 0.353092, -0.423618, 0.834189, -0.002831, -0.030562, -0.896364, -0.442259, -1.2e-05, 0.0, 0.0, 0.0, 1.0],
                [0.952363, 0.195121, -0.234375, 0.124994, 0.291019, -0.351713, 0.889722, -0.002831, 0.091171, -0.915544, -0.391744, -1.2e-05, 0.0, 0.0, 0.0, 1.0],
                [0.972546, 0.200227, -0.118589, 0.124994, 0.183434, -0.346012, 0.920124, -0.002831, 0.143201, -0.916613, -0.373242, -1.2e-05, 0.0, 0.0, 0.0, 1.0],
                [0.970481, 0.232656, 0.063539, 0.124995, 0.031453, -0.383297, 0.923089, -0.002831, 0.239117, -0.893839, -0.379301, -1.2e-05, 0.0, 0.0, 0.0, 1.0],
                [0.922754, 0.308951, 0.230376, 0.124994, -0.062545, -0.469796, 0.880556, -0.002831, 0.38028, -0.826943, -0.414184, -1.1e-05, 0.0, 0.0, 0.0, 1.0],
                [0.849967, 0.404422, 0.337634, 0.124994, -0.028175, -0.605058, 0.795682, -0.002831, 0.52608, -0.685815, -0.502887, -1.2e-05, 0.0, 0.0, 0.0, 1.0],
                [0.779543, 0.475891, 0.407235, 0.124994, 0.098664, -0.735351, 0.670464, -0.002831, 0.618529, -0.482474, -0.620193, -1.3e-05, 0.0, 0.0, 0.0, 1.0],
                [0.742189, 0.497409, 0.449152, 0.124994, 0.233022, -0.819897, 0.522941, -0.002831, 0.628375, -0.283458, -0.724428, -1.3e-05, 0.0, 0.0, 0.0, 1.0],
