{
    "animation": [
        {
            "name": "Root",
            "time": [0.0, 0.0167, 0.0333, 0.05, 0.0667, 0.0833, 0.1, 0.1167, 0.1333, 0.15, 0.1667, 0.1833, 0.2, 0.2167, 0.2333, 0.25, 0.2667, 0.2833, 0.3, 0.3167, 0.3333, 0.35, 0.3667, 0.3833, 0.4, 0.4167, 0.4333, 0.45, 0.4667, 0.4833, 0.5, 0.5167, 0.5333, 0.55, 0.5667, 0.5833, 0.6, 0.6167, 0.6333, 0.65, 0.6667, 0.6833, 0.7, 0.7167, 0.7333, 0.75, 0.7667, 0.7833, 0.8, 0.8167, 0.8333, 0.85, 0.8667, 0.8833, 0.9, 0.9167, 0.9333, 0.95, 0.9667, 0.9833, 1.0, 1.0167, 1.0333, 1.05, 1.0667, 1.0833, 1.1, 1.1167, 1.1333, 1.15, 1.1667, 1.1833, 1.2, 1.2167, 1.2333, 1.25, 1.2667, 1.2833, 1.3, 1.3167, 1.3333],
            "transform": [
                [0.451996, -0.229024, 0.862118, 0.031677, 0.884828, 0.237599, -0.400783, 0.187486, -0.11305, 0.943978, 0.31004, 0.845611, 0.0, 0.0, 0.0, 1.0],
                [0.449866, -0.229797, 0.863027, 0.031677, 0.885924, 0.237049, -0.398682, 0.187486, -0.112964, 0.943929, 0.310223, 0.844572, 0.0, 0.0, 0.0, 1.0],
                [0.44407, -0.231888, 0.865465, 0.031677, 0.888872, 0.235548, -0.392968, 0.187486, -0.112734, 0.943793, 0.310719, 0.841753, 0.0, 0.0, 0.0, 1.0],
                [0.435492, -0.234953, 0.86899, 0.031677, 0.893148, 0.233311, -0.384517, 0.187486, -0.112401, 0.943591, 0.311453, 0.837599, 0.0, 0.0, 0.0, 1.0],
                [0.425019, -0.238645, 0.873159, 0.031677, 0.898228, 0.230553, -0.374208, 0.187486, -0.112007, 0.943342, 0.312347, 0.832554, 0.0, 0.0, 0.0, 1.0],
                [0.413553, -0.242626, 0.877557, 0.031677, 0.903616, 0.227503, -0.362934, 0.187486, -0.11159, 0.943067, 0.313325, 0.827064, 0.0, 0.0, 0.0, 1.0],
                [0.402019, -0.246567, 0.881808, 0.031677, 0.908856, 0.224402, -0.351604, 0.187486, -0.111185, 0.942788, 0.314307, 0.821574, 0.0, 0.0, 0.0, 1.0],
                [0.391361, -0.250152, 0.885585, 0.031677, 0.913539, 0.221508, -0.341146, 0.187486, -0.110826, 0.942527, 0.315213, 0.816529, 0.0, 0.0, 0.0, 1.0],
                [0.382544, -0.253079, 0.888601, 0.031677, 0.917301, 0.219093, -0.332501, 0.187486, -0.110537, 0.942311, 0.315962, 0.812375, 0.0, 0.0, 0.0, 1.0],
                [0.376542, -0.25505, 0.890598, 0.031677, 0.919804, 0.217439, -0.32662, 0.187486, -0.110346, 0.942162, 0.316471, 0.809555, 0.0, 0.0, 0.0, 1.0],
                [0.374326, -0.255774, 0.891325, 0.031677, 0.920717, 0.216826, -0.32445, 0.187486, -0.110276, 0.942107, 0.316659, 0.808517, 0.0, 0.0, 0.0, 1.0],
                [0.387295, -0.251378, 0.887024, 0.031677, 0.915714, 0.216648, -0.338424, 0.187486, -0.1071, 0.943331, 0.314097, 0.808653, 0.0, 0.0, 0.0, 1.0],
                [0.42373, -0.23891, 0.873714, 0.031677, 0.90044, 0.215776, -0.377689, 0.187486, -0.098293, 0.946765, 0.306554, 0.809069, 0.0, 0.0, 0.0, 1.0],
                [0.479651, -0.219413, 0.849584, 0.031677, 0.87332, 0.213309, -0.437963, 0.187486, -0.08513, 0.952028, 0.293932, 0.809779, 0.0, 0.0, 0.0, 1.0],
                [0.550402, -0.194064, 0.812032, 0.031677, 0.832031, 0.208051, -0.514237, 0.187486, -0.069149, 0.958673, 0.275979, 0.810793, 0.0, 0.0, 0.0, 1.0],
                [0.630374, -0.164354, 0.758694, 0.031677, 0.77454, 0.19879, -0.600476, 0.187486, -0.05213, 0.966163, 0.252611, 0.812125, 0.0, 0.0, 0.0, 1.0],
                [0.713099, -0.132162, 0.688493, 0.031677, 0.70014, 0.184634, -0.68972, 0.187486, -0.035964, 0.973881, 0.224195, 0.813786, 0.0, 0.0, 0.0, 1.0],
                [0.791862, -0.099654, 0.602514, 0.031677, 0.610289, 0.165328, -0.774735, 0.187486, -0.022407, 0.981191, 0.191734, 0.81579, 0.0, 0.0, 0.0, 1.0],
                [0.86072, -0.069003, 0.50438, 0.031677, 0.508919, 0.141456, -0.849113, 0.187486, -0.012756, 0.987537, 0.156871, 0.818148, 0.0, 0.0, 0.0, 1.0],
                [0.915591, -0.042027, 0.399909, 0.031677, 0.402039, 0.114432, -0.908444, 0.187486, -0.007583, 0.992542, 0.12167, 0.820873, 0.0, 0.0, 0.0, 1.0],
                [0.95494, -0.019881, 0.296134, 0.031677, 0.296726, 0.086266, -0.951058, 0.187486, -0.006639, 0.996074, 0.088278, 0.823976, 0.0, 0.0, 0.0, 1.0],
                [0.979768, -0.002941, 0.200115, 0.031677, 0.199936, 0.059194, -0.978019, 0.187486, -0.008969, 0.998242, 0.058585, 0.827471, 0.0, 0.0, 0.0, 1.0],
                [0.99297, 0.00908, 0.11802, 0.031677, 0.117632, 0.035348, -0.992428, 0.187486, -0.013183, 0.999334, 0.034031, 0.83137, 0.0, 0.0, 0.0, 1.0],
                [0.998356, 0.016874, 0.054775, 0.031677, 0.054497, 0.016559, -0.998377, 0.187486, -0.017753, 0.999721, 0.015612, 0.835684, 0.0, 0.0, 0.0, 1.0],
                [0.999673, 0.021209, 0.014284, 0.031677, 0.014195, 0.004343, -0.99989, 0.187486, -0.021269, 0.999766, 0.004041, 0.840427, 0.0, 0.0, 0.0, 1.0],
                [0.999744, 0.022618, -0.0, 0.031677, -0.0, 0.0, -1.0, 0.187486, -0.022618, 0.999744, 0.0, 0.845611, 0.0, 0.0, 0.0, 1.0],
                [0.999744, 0.022618, 0.0, 0.031677, 0.0, 0.0, -1.0, 0.187486, -0.022618, 0.999744, 0.0, 0.851143, 0.0, 0.0, 0.0, 1.0],
                [0.999744, 0.022618, -0.0, 0.031677, -0.0, 0.0, -1.0, 0.187486, -0.022618, 0.999744, 0.0, 0.856514, 0.0, 0.0, 0.0, 1.0],
                [0.999744, 0.022618, -0.0, 0.031677, -0.0, -0.0, -1.0, 0.187486, -0.022618, 0.999744, -0.0, 0.861111, 0.0, 0.0, 0.0, 1.0],
                [0.999744, 0.022618, 0.0, 0.031677, 0.0, 0.0, -1.0, 0.187486, -0.022618, 0.999744, 0.0, 0.864319, 0.0, 0.0, 0.0, 1.0],
                [0.999744, 0.022618, 0.0, 0.031677, 0.0, 0.0, -1.0, 0.187486, -0.022618, 0.999744, 0.0, 0.865525, 0.0, 0.0, 0.0, 1.0],
                [0.999744, 0.022618, -8.3e-05, 0.031677, -8.3e-05, -2e-06, -1.0, 0.187486, -0.022618, 0.999744, 0.0, 0.865525, 0.0, 0.0, 0.0, 1.0],
                [0.999744, 0.022618, -0.000327, 0.031677, -0.000327, -7e-06, -1.0, 0.187486, -0.022618, 0.999744, 0.0, 0.865525, 0.0, 0.0, 0.0, 1.0],
                [0.999744, 0.022618, -0.000726, 0.031677, -0.000726, -1.6e-05, -1.0, 0.187486, -0.022618, 0.999744, 0.0, 0.865525, 0.0, 0.0, 0.0, 1.0],
                [0.999743, 0.022618, -0.001274, 0.031677, -0.001273, -2.9e-05, -0.999999, 0.187486, -0.022618, 0.999744, 0.0, 0.865525, 0.0, 0.0, 0.0, 1.0],
                [0.999742, 0.022618, -0.001962, 0.031677, -0.001961, -4.4e-05, -0.999998, 0.187486, -0.022618, 0.999744, -0.0, 0.865525, 0.0, 0.0, 0.0, 1.0],
                [0.99974, 0.022618, -0.002785, 0.031677, -0.002784, -6.3e-05, -0.999996, 0.187486, -0.022618, 0.999744, 0.0, 0.865525, 0.0, 0.0, 0.0, 1.0],
                [0.999737, 0.022618, -0.003736, 0.031677, -0.003735, -8.4e-05, -0.999993, 0.187486, -0.022618, 0.999744, 0.0, 0.865525, 0.0, 0.0, 0.0, 1.0],
                [0.999733, 0.022618, -0.004807, 0.031677, -0.004806, -0.000109, -0.999988, 0.187486, -0.022618, 0.999744, -0.0, 0.865525, 0.0, 0.0, 0.0, 1.0],
                [0.999726, 0.022618, -0.005994, 0.031677, -0.005992, -0.000136, -0.999982, 0.187486, -0.022618, 0.999744, 0.0, 0.865525, 0.0, 0.0, 0.0, 1.0],
                [0.999718, 0.022617, -0.007287, 0.031677, -0.007286, -0.000165, -0.999973, 0.187486, -0.022618, 0.999744, -0.0, 0.865525, 0.0, 0.0, 0.0, 1.0],
                [0.999707, 0.022617, -0.008682, 0.031677, -0.00868, -0.000196, -0.999962, 0.187486, -0.022618, 0.999744, -0.0, 0.865525, 0.0, 0.0, 0.0, 1.0],
                [0.999692, 0.022617, -0.010171, 0.031677, -0.010168, -0.00023, -0.999948, 0.187486, -0.022618, 0.999744, 0.0, 0.865525, 0.0, 0.0, 0.0, 1.0],
                [0.999675, 0.022617, -0.011748, 0.031677, -0.011744, -0.000266, -0.999931, 0.187486, -0.022618, 0.999744, 0.0, 0.865525, 0.0, 0.0, 0.0, 1.0],
                [0.999654, 0.022616, -0.013405, 0.031677, -0.013401, -0.000303, -0.99991, 0.187486, -0.022618, 0.999744, 0.0, 0.865525, 0.0, 0.0, 0.0, 1.0],
                [0.99963, 0.022615, -0.015136, 0.031677, -0.015132, -0.000342, -0.999885, 0.187486, -0.022618, 0.999744, -0.0, 0.865525, 0.0, 0.0, 0.0, 1.0],
                [0.999601, 0.022615, -0.016934, 0.031677, -0.01693, -0.000383, -0.999857, 0.187486, -0.022618, 0.999744, -0.0, 0.865525, 0.0, 0.0, 0.0, 1.0],
                [0.999568, 0.022614, -0.018793, 0.031677, -0.018788, -0.000425, -0.999823, 0.187486, -0.022618, 0.999744, 0.0, 0.865525, 0.0, 0.0, 0.0, 1.0],
                [0.99953, 0.022613, -0.020706, 0.031677, -0.0207, -0.000468, -0.999786, 0.187486, -0.022618, 0.999744, -0.0, 0.865525, 0.0, 0.0, 0.0, 1.0],
                [0.999487, 0.022612, -0.022665, 0.031677, -0.02266, -0.000513, -0.999743, 0.187486, -0.022618, 0.999744, -0.0, 0.865525, 0.0, 0.0, 0.0, 1.0],
                [0.99944, 0.022611, -0.024665, 0.031677, -0.024659, -0.000558, -0.999696, 0.187486, -0.022618, 0.999744, 0.0, 0.865525, 0.0, 0.0, 0.0, 1.0],
                [0.999388, 0.02261, -0.026699, 0.031677, -0.026692, -0.000604, -0.999643, 0.187486, -0.022618, 0.999744, 0.0, 0.865525, 0.0, 0.0, 0.0, 1.0],
                [0.999331, 0.022609, -0.028759, 0.031677, -0.028752, -0.00065, -0.999586, 0.187486, -0.022618, 0.999744, 0.0, 0.865525, 0.0, 0.0, 0.0, 1.0],
                [0.999269, 0.022607, -0.03084, 0.031677, -0.030832, -0.000698, -0.999524, 0.187486, -0.022618, 0.999744, 0.0, 0.865525, 0.0, 0.0, 0.0, 1.0],
                [0.999202, 0.022606, -0.032933, 0.031677, -0.032925, -0.000745, -0.999458, 0.187486, -0.022618, 0.999744, 0.0, 0.865525, 0.0, 0.0, 0.0, 1.0],
                [0.99913, 0.022604, -0.035034, 0.031677, -0.035025, -0.000792, -0.999386, 0.187486, -0.022618, 0.999744, 0.0, 0.865525, 0.0, 0.0, 0.0, 1.0],
                [0.999055, 0.022602, -0.037134, 0.031677, -0.037124, -0.00084, -0.99931, 0.187486, -0.022618, 0.999744, -0.0, 0.865525, 0.0, 0.0, 0.0, 1.0],
                [0.998975, 0.022601, -0.039227, 0.031677, -0.039217, -0.000887, -0.99923, 0.187486, -0.022618, 0.999744, -0.0, 0.865525, 0.0, 0.0, 0.0, 1.0],
                [0.998891, 0.022599, -0.041307, 0.031677, -0.041296, -0.000934, -0.999147, 0.187486, -0.022618, 0.999744, 0.0, 0.865525, 0.0, 0.0, 0.0, 1.0],
                [0.998804, 0.022597, -0.043366, 0.031677, -0.043355, -0.000981, -0.999059, 0.187486, -0.022618, 0.999744, 0.0, 0.865525, 0.0, 0.0, 0.0, 1.0],
                [0.998713, 0.022595, -0.045398, 0.031677, -0.045387, -0.001027, -0.998969, 0.187486, -0.022618, 0.999744, 0.0, 0.865525, 0.0, 0.0, 0.0, 1.0],
                [0.998621, 0.022593, -0.047397, 0.031677, -0.047385, -0.001072, -0.998876, 0.187486, -0.022618, 0.999744, -0.0, 0.865525, 0.0, 0.0, 0.0, 1.0],
                [0.998526, 0.022591, -0.049355, 0.031677, -0.049342, -0.001116, -0.998781, 0.187486, -0.022618, 0.999744, 0.0, 0.865525, 0.0, 0.0, 0.0, 1.0],
                [0.99843, 0.022588, -0.051265, 0.031677, -0.051252, -0.00116, -0.998685, 0.187486, -0.022618, 0.999744, 0.0, 0.865525, 0.0, 0.0, 0.0, 1.0],
                [0.998333, 0.022586, -0.053122, 0.031677, -0.053108, -0.001202, -0.998588, 0.187486, -0.022618, 0.999744, 0.0, 0.865525, 0.0, 0.0, 0.0, 1.0],
                [0.998235, 0.022584, -0.054918, 0.031677, -0.054904, -0.001242, -0.998491, 0.187486, -0.022618, 0.999744, 0.0, 0.865525, 0.0, 0.0, 0.0, 1.0],
                [0.998139, 0.022582, -0.056647, 0.031677, -0.056632, -0.001281, -0.998394, 0.187486, -0.022618, 0.999744, 0.0, 0.865525, 0.0, 0.0, 0.0, 1.0],
                [0.998044, 0.02258, -0.058301, 0.031677, -0.058286, -0.001319, -0.998299, 0.187486, -0.022618, 0.999744, 0.0, 0.865525, 0.0, 0.0, 0.0, 1.0],
                [0.997951, 0.022578, -0.059875, 0.031677, -0.05986, -0.001354, -0.998206, 0.187486, -0.022618, 0.999744, 0.0, 0.865525, 0.0, 0.0, 0.0, 1.0],
                [0.99786, 0.022575, -0.061361, 0.031677, -0.061345, -0.001388, -0.998116, 0.187486, -0.022618, 0.999744, -0.0, 0.865525, 0.0, 0.0, 0.0, 1.0],
                [0.997774, 0.022574, -0.062753, 0.031677, -0.062737, -0.001419, -0.998029, 0.187486, -0.022618, 0.999744, -0.0, 0.865525, 0.0, 0.0, 0.0, 1.0],
                [0.997692, 0.022572, -0.064044, 0.031677, -0.064028, -0.001449, -0.997947, 0.187486, -0.022618, 0.999744, 0.0, 0.865525, 0.0, 0.0, 0.0, 1.0],
                [0.997615, 0.02257, -0.065228, 0.031677, -0.065212, -0.001475, -0.99787, 0.187486, -0.022618, 0.999744, 0.0, 0.865525, 0.0, 0.0, 0.0, 1.0],
                [0.997545, 0.022568, -0.066298, 0.031677, -0.066281, -0.0015, -0.9978, 0.187486, -0.022618, 0.999744, 0.0, 0.865525, 0.0, 0.0, 0.0, 1.0],
                [0.997481, 0.022567, -0.067246, 0.031677, -0.067229, -0.001521, -0.997736, 0.187486, -0.022618, 0.999744, -0.0, 0.865525, 0.0, 0.0, 0.0, 1.0],
                [0.997425, 0.022566, -0.068067, 0.031677, -0.06805, -0.00154, -0.997681, 0.187486, -0.022618, 0.999744, 0.0, 0.865525, 0.0, 0.0, 0.0, 1.0],
                [0.997378, 0.022565, -0.068754, 0.031677, -0.068737, -0.001555, -0.997634, 0.187486, -0.022618, 0.999744, -0.0, 0.865525, 0.0, 0.0, 0.0, 1.0],
                [0.997341, 0.022564, -0.0693, 0.031677, -0.069282, -0.001567, -0.997596, 0.187486, -0.022618, 0.999744, -0.0, 0.865525, 0.0, 0.0, 0.0, 1.0],
                [0.997313, 0.022563, -0.069698, 0.031677, -0.06968, -0.001576, -0.997568, 0.187486, -0.022618, 0.999744, -0.0, 0.865525, 0.0, 0.0, 0.0, 1.0],
                [0.997296, 0.022563, -0.069942, 0.031677, -0.069924, -0.001582, -0.997551, 0.187486, -0.022618, 0.999744, -0.0, 0.865525, 0.0, 0.0, 0.0, 1.0],
                [0.99729, 0.022563, -0.070025, 0.031677, -0.070007, -0.001584, -0.997545, 0.187486, -0.022618, 0.999744, 0.0, 0.865525, 0.0, 0.0, 0.0, 1.0]
            ]
        },
        {
            "name": "Thigh_R",
            "time": [0.0, 0.0167, 0.0333, 0.05, 0.0667, 0.0833, 0.1, 0.1167, 0.1333, 0.15, 0.1667, 0.1833, 0.2, 0.2167, 0.2333, 0.25, 0.2667, 0.2833, 0.3, 0.3167, 0.3333, 0.35, 0.3667, 0.3833, 0.4, 0.4167, 0.4333, 0.45, 0.4667, 0.4833, 0.5, 0.5167, 0.5333, 0.55, 0.5667, 0.5833, 0.6, 0.6167, 0.6333, 0.65, 0.6667, 0.6833, 0.7, 0.7167, 0.7333, 0.75, 0.7667, 0.7833, 0.8, 0.8167, 0.8333, 0.85, 0.8667, 0.8833, 0.9, 0.9167, 0.9333, 0.95, 0.9667, 0.9833, 1.0, 1.0167, 1.0333, 1.05, 1.0667, 1.0833, 1.1, 1.1167, 1.1333, 1.15, 1.1667, 1.1833, 1.2, 1.2167, 1.2333, 1.25, 1.2667, 1.2833, 1.3, 1.3167, 1.3333],
            "transform": [
                [0.985775, -0.022728, -0.166524, 0.124994, 0.160464, -0.167369, 0.972748, -0.002831, -0.04998, -0.98563, -0.161342, -1.2e-05, 0.0, 0.0, 0.0, 1.0],
                [0.986019, -0.02083, -0.165324, 0.124994, 0.159655, -0.165978, 0.97312, -0.002831, -0.04771, -0.985908, -0.160332, -1.2e-05, 0.0, 0.0, 0.0, 1.0],
                [0.986652, -0.015613, -0.16209, 0.124994, 0.157451, -0.162497, 0.974066, -0.002831, -0.041547, -0.986584, -0.15787, -1.2e-05, 0.0, 0.0, 0.0, 1.0],
                [0.987509, -0.007787, -0.157373, 0.124994, 0.154187, -0.157973, 0.975332, -0.002831, -0.032456, -0.987411, -0.1548, -1.2e-05, 0.0, 0.0, 0.0, 1.0],
                [0.988424, 0.001919, -0.151704, 0.124994, 0.150199, -0.153447, 0.976675, -0.002831, -0.021405, -0.988153, -0.151959, -1.2e-05, 0.0, 0.0, 0.0, 1.0],
                [0.989266, 0.012738, -0.145567, 0.124994, 0.145823, -0.14991, 0.977887, -0.002831, -0.009366, -0.988616, -0.150158, -1.2e-05, 0.0, 0.0, 0.0, 1.0],
                [0.98995, 0.023855, -0.139389, 0.124994, 0.141391, -0.148302, 0.978783, -0.002831, 0.002677, -0.988653, -0.150185, -1.2e-05, 0.0, 0.0, 0.0, 1.0],
                [0.990443, 0.03442, -0.133552, 0.124994, 0.13723, -0.149501, 0.979193, -0.002831, 0.013737, -0.98816, -0.152796, -1.2e-05, 0.0, 0.0, 0.0, 1.0],
                [0.990763, 0.043561, -0.128412, 0.124994, 0.133665, -0.154351, 0.978933, -0.002831, 0.022823, -0.987053, -0.158748, -1.2e-05, 0.0, 0.0, 0.0, 1.0],
                [0.990957, 0.050418, -0.124348, 0.124994, 0.131022, -0.163695, 0.977772, -0.002831, 0.028942, -0.98522, -0.168821, -1.2e-05, 0.0, 0.0, 0.0, 1.0],
                [0.991074, 0.054178, -0.121809, 0.124994, 0.129635, -0.178443, 0.975374, -0.002831, 0.031107, -0.982456, -0.183874, -1.2e-05, 0.0, 0.0, 0.0, 1.0],
                [0.994236, 0.045862, -0.096905, 0.124994, 0.104865, -0.227968, 0.968006, -0.002831, 0.022304, -0.972586, -0.231464, -1.2e-05, 0.0, 0.0, 0.0, 1.0],
                [0.998814, 0.016677, -0.045735, 0.124994, 0.048675, -0.327727, 0.943518, -0.002831, 0.000747, -0.944623, -0.328151, -1.2e-05, 0.0, 0.0, 0.0, 1.0],
                [0.999555, -0.02976, 0.00203, 0.124994, -0.015434, -0.457744, 0.88895, -0.002831, -0.025526, -0.888584, -0.458, -1.2e-05, 0.0, 0.0, 0.0, 1.0],
                [0.996215, -0.08215, 0.028394, 0.124994, -0.072066, -0.598033, 0.798225, -0.002831, -0.048594, -0.797249, -0.60169, -1.2e-05, 0.0, 0.0, 0.0, 1.0],
                [0.991595, -0.125416, 0.031775, 0.124994, -0.113899, -0.729719, 0.674192, -0.002831, -0.061368, -0.672143, -0.737872, -1.2e-05, 0.0, 0.0, 0.0, 1.0],
                [0.988729, -0.147627, 0.024921, 0.124994, -0.138205, -0.835975, 0.531076, -0.002831, -0.057567, -0.528534, -0.846958, -1.2e-05, 0.0, 0.0, 0.0, 1.0],
                [0.988961, -0.145315, 0.028994, 0.124994, -0.144644, -0.904208, 0.40185, -0.002831, -0.032178, -0.401607, -0.915247, -1.2e-05, 0.0, 0.0, 0.0, 1.0],
                [0.990649, -0.123941, 0.05704, 0.124994, -0.135387, -0.944752, 0.298517, -0.00283, 0.016891, -0.303447, -0.952699, -1.2e-05, 0.0, 0.0, 0.0, 1.0],
                [0.990158, -0.091664, 0.105756, 0.124994, -0.11179, -0.972649, 0.203604, -0.002831, 0.0842, -0.213422, -0.973325, -1.2e-05, 0.0, 0.0, 0.0, 1.0],
                [0.984638, -0.05623, 0.165304, 0.124994, -0.077414, -0.989175, 0.124643, -0.002831, 0.156507, -0.135525, -0.978335, -1.2e-05, 0.0, 0.0, 0.0, 1.0],
                [0.974761, -0.02391, 0.221965, 0.124994, -0.039252, -0.997114, 0.064966, -0.002831, 0.219771, -0.072039, -0.972888, -1.2e-05, 0.0, 0.0, 0.0, 1.0],
                [0.963862, 0.001621, 0.266397, 0.124994, -0.004389, -0.999747, 0.021963, -0.002831, 0.266366, -0.022339, -0.963613, -1.2e-05, 0.0, 0.0, 0.0, 1.0],
                [0.954938, 0.018199, 0.296245, 0.124994, 0.022552, -0.99968, -0.011282, -0.002831, 0.295946, 0.017454, -0.955045, -1.2e-05, 0.0, 0.0, 0.0, 1.0],
                [0.949364, 0.023528, 0.313295, 0.124994, 0.039373, -0.998239, -0.044344, -0.002831, 0.3117, 0.054434, -0.94862, -1.2e-05, 0.0, 0.0, 0.0, 1.0],
                [0.947486, 0.013073, 0.319529, 0.124994, 0.04505, -0.994655, -0.092887, -0.002831, 0.316607, 0.102404, -0.943013, -1.2e-05, 0.0, 0.0, 0.0, 1.0],
                [0.947507, -0.018454, 0.319202, 0.124994, 0.044906, -0.980755, -0.189997, -0.002831, 0.316565, 0.194357, -0.928446, -1.2e-05, 0.0, 0.0, 0.0, 1.0],
                [0.947504, -0.018348, 0.319217, 0.124994, 0.044849, -0.980854, -0.189499, -0.002831, 0.316582, 0.193867, -0.928543, -1.2e-05, 0.0, 0.0, 0.0, 1.0],
                [0.947491, -0.018359, 0.319255, 0.124994, 0.044863, -0.980844, -0.189548, -0.002831, 0.31662, 0.193917, -0.92852, -1.2e-05, 0.0, 0.0, 0.0, 1.0],
                [0.94748, -0.012999, 0.319549, 0.124994, 0.044934, -0.98385, -0.173255, -0.002831, 0.316641, 0.178514, -0.931596, -1.2e-05, 0.0, 0.0, 0.0, 1.0],
                [0.947486, 0.013074, 0.319529, 0.124994, 0.04505, -0.994655, -0.092887, -0.002831, 0.316607, 0.102404, -0.943013, -1.2e-05, 0.0, 0.0, 0.0, 1.0],
                [0.947528, 0.026696, 0.318555, 0.124994, 0.045165, -0.997689, -0.05073, -0.002831, 0.316465, 0.062456, -0.946546, -1.2e-05, 0.0, 0.0, 0.0, 1.0],
                [0.947617, 0.035042, 0.317481, 0.124994, 0.04525, -0.998665, -0.024833, -0.002831, 0.316187, 0.037898, -0.94794, -1.2e-05, 0.0, 0.0, 0.0, 1.0],
                [0.947751, 0.040926, 0.316375, 0.124994, 0.04531, -0.998951, -0.006511, -0.002831, 0.315777, 0.020505, -0.948612, -1.2e-05, 0.0, 0.0, 0.0, 1.0],
                [0.947929, 0.045558, 0.315207, 0.124994, 0.045355, -0.998938, 0.007985, -0.002831, 0.315236, 0.006727, -0.94899, -1.2e-05, 0.0, 0.0, 0.0, 1.0],
                [0.948149, 0.049651, 0.313924, 0.124994, 0.04539, -0.99875, 0.020871, -0.002831, 0.314568, -0.00554, -0.949219, -1.2e-05, 0.0, 0.0, 0.0, 1.0],
                [0.948411, 0.05372, 0.31246, 0.124994, 0.045425, -0.998395, 0.033773, -0.002831, 0.313773, -0.017837, -0.949331, -1.2e-05, 0.0, 0.0, 0.0, 1.0],
                [0.948712, 0.058154, 0.310747, 0.124994, 0.045466, -0.997814, 0.047928, -0.002831, 0.312855, -0.031342, -0.949284, -1.2e-05, 0.0, 0.0, 0.0, 1.0],
                [0.949052, 0.063242, 0.308709, 0.124994, 0.045522, -0.996891, 0.064278, -0.002831, 0.311815, -0.04695, -0.948982, -1.2e-05, 0.0, 0.0, 0.0, 1.0],
                [0.949428, 0.069171, 0.306271, 0.124994, 0.045601, -0.995466, 0.083464, -0.002831, 0.310655, -0.065277, -0.948279, -1.2e-05, 0.0, 0.0, 0.0, 1.0],
                [0.94984, 0.076038, 0.303353, 0.124994, 0.045712, -0.993329, 0.105858, -0.002831, 0.309379, -0.086681, -0.94698, -1.2e-05, 0.0, 0.0, 0.0, 1.0],
                [0.950279, 0.083731, 0.29993, 0.124994, 0.045823, -0.990285, 0.131275, -0.002831, 0.308008, -0.111004, -0.944886, -1.2e-05, 0.0, 0.0, 0.0, 1.0],
                [0.95074, 0.091683, 0.296119, 0.124994, 0.045891, -0.986362, 0.158055, -0.002831, 0.306572, -0.13668, -0.941983, -1.2e-05, 0.0, 0.0, 0.0, 1.0],
                [0.95122, 0.099398, 0.292062, 0.124994, 0.045904, -0.981737, 0.184611, -0.002831, 0.305079, -0.162199, -0.938413, -1.2e-05, 0.0, 0.0, 0.0, 1.0],
                [0.951715, 0.106535, 0.287905, 0.124994, 0.045854, -0.976662, 0.209824, -0.002831, 0.303539, -0.186491, -0.93439, -1.2e-05, 0.0, 0.0, 0.0, 1.0],
                [0.952222, 0.112856, 0.283789, 0.124994, 0.045727, -0.971428, 0.232884, -0.002831, 0.301963, -0.20878, -0.930177, -1.2e-05, 0.0, 0.0, 0.0, 1.0],
                [0.95274, 0.118191, 0.279853, 0.124994, 0.045513, -0.966347, 0.253177, -0.002831, 0.300359, -0.228474, -0.926058, -1.2e-05, 0.0, 0.0, 0.0, 1.0],
                [0.953264, 0.122406, 0.276231, 0.124994, 0.045199, -0.961742, 0.270196, -0.002831, 0.298737, -0.245083, -0.922329, -1.2e-05, 0.0, 0.0, 0.0, 1.0],
                [0.953795, 0.125383, 0.273048, 0.124994, 0.044776, -0.957932, 0.283474, -0.002831, 0.297105, -0.25815, -0.919287, -1.2e-05, 0.0, 0.0, 0.0, 1.0],
                [0.954328, 0.127001, 0.270425, 0.124994, 0.044233, -0.955236, 0.292515, -0.002831, 0.29547, -0.267193, -0.917228, -1.2e-05, 0.0, 0.0, 0.0, 1.0],
                [0.954862, 0.127118, 0.268477, 0.124994, 0.043566, -0.953964, 0.296736, -0.002831, 0.293838, -0.271644, -0.916443, -1.2e-05, 0.0, 0.0, 0.0, 1.0],
                [0.955399, 0.126209, 0.266991, 0.124994, 0.042804, -0.95371, 0.297662, -0.002831, 0.2922, -0.272957, -0.916577, -1.2e-05, 0.0, 0.0, 0.0, 1.0],
                [0.955939, 0.124889, 0.265675, 0.124994, 0.041982, -0.953849, 0.297332, -0.002831, 0.290548, -0.273077, -0.917066, -1.2e-05, 0.0, 0.0, 0.0, 1.0],
                [0.956482, 0.123187, 0.264514, 0.124994, 0.041108, -0.954361, 0.295811, -0.002831, 0.288882, -0.272063, -0.917894, -1.2e-05, 0.0, 0.0, 0.0, 1.0],
                [0.957025, 0.121131, 0.263495, 0.124994, 0.040192, -0.955221, 0.293148, -0.002831, 0.287206, -0.269959, -0.91904, -1.2e-05, 0.0, 0.0, 0.0, 1.0],
                [0.957568, 0.118747, 0.262606, 0.124994, 0.03924, -0.956405, 0.289391, -0.002831, 0.285523, -0.266807, -0.920485, -1.2e-05, 0.0, 0.0, 0.0, 1.0],
                [0.958109, 0.116056, 0.261836, 0.124994, 0.038261, -0.95789, 0.284572, -0.002831, 0.283836, -0.262633, -0.922205, -1.2e-05, 0.0, 0.0, 0.0, 1.0],
                [0.958646, 0.113079, 0.261171, 0.124994, 0.037262, -0.959647, 0.278724, -0.002831, 0.28215, -0.257466, -0.924177, -1.2e-05, 0.0, 0.0, 0.0, 1.0],
                [0.959179, 0.109834, 0.260602, 0.124994, 0.036251, -0.961648, 0.271875, -0.002831, 0.280469, -0.251329, -0.926376, -1.2e-05, 0.0, 0.0, 0.0, 1.0],
                [0.959704, 0.10634, 0.260117, 0.124994, 0.035235, -0.963866, 0.264044, -0.002831, 0.278797, -0.244239, -0.928773, -1.2e-05, 0.0, 0.0, 0.0, 1.0],
                [0.96022, 0.102613, 0.259708, 0.124994, 0.03422, -0.966266, 0.255259, -0.002831, 0.277139, -0.236217, -0.931341, -1.2e-05, 0.0, 0.0, 0.0, 1.0],
                [0.960726, 0.098668, 0.259363, 0.124994, 0.033214, -0.968817, 0.245534, -0.002831, 0.275501, -0.227276, -0.934047, -1.2e-05, 0.0, 0.0, 0.0, 1.0],
                [0.961222, 0.094522, 0.259073, 0.124994, 0.032222, -0.971485, 0.234896, -0.002831, 0.273889, -0.217439, -0.93686, -1.2e-05, 0.0, 0.0, 0.0, 1.0],
                [0.961703, 0.09019, 0.258831, 0.124994, 0.031249, -0.974233, 0.223364, -0.002831, 0.272307, -0.206721, -0.939742, -1.2e-05, 0.0, 0.0, 0.0, 1.0],
                [0.962169, 0.085685, 0.258629, 0.124994, 0.030302, -0.977023, 0.210963, -0.002831, 0.270763, -0.195145, -0.942659, -1.2e-05, 0.0, 0.0, 0.0, 1.0],
                [0.962619, 0.081025, 0.258457, 0.124994, 0.029385, -0.979816, 0.197725, -0.002831, 0.269261, -0.182739, -0.945572, -1.2e-05, 0.0, 0.0, 0.0, 1.0],
                [0.963051, 0.076223, 0.25831, 0.124994, 0.028502, -0.982572, 0.183676, -0.002831, 0.267809, -0.169527, -0.94844, -1.2e-05, 0.0, 0.0, 0.0, 1.0],
                [0.963462, 0.071296, 0.258181, 0.124994, 0.027658, -0.98525, 0.168864, -0.002831, 0.266413, -0.155553, -0.951224, -1.2e-05, 0.0, 0.0, 0.0, 1.0],
                [0.963853, 0.066264, 0.258064, 0.124994, 0.026857, -0.987808, 0.153337, -0.002831, 0.265079, -0.140863, -0.953882, -1.2e-05, 0.0, 0.0, 0.0, 1.0],
                [0.96422, 0.061146, 0.257954, 0.124994, 0.026101, -0.990204, 0.137156, -0.002831, 0.263814, -0.125515, -0.956372, -1.2e-05, 0.0, 0.0, 0.0, 1.0],
                [0.964563, 0.055968, 0.257845, 0.124994, 0.025396, -0.992398, 0.120407, -0.002831, 0.262624, -0.109592, -0.958655, -1.2e-05, 0.0, 0.0, 0.0, 1.0],
                [0.964881, 0.050758, 0.257735, 0.124994, 0.024743, -0.994352, 0.103195, -0.002831, 0.261518, -0.093194, -0.960689, -1.2e-05, 0.0, 0.0, 0.0, 1.0],
                [0.965172, 0.045555, 0.25762, 0.124994, 0.024147, -0.99603, 0.085665, -0.002831, 0.2605, -0.076461, -0.962443, -1.2e-05, 0.0, 0.0, 0.0, 1.0],
                [0.965434, 0.04041, 0.257497, 0.124994, 0.023609, -0.997404, 0.068011, -0.002831, 0.259577, -0.059581, -0.963883, -1.2e-05, 0.0, 0.0, 0.0, 1.0],
                [0.965665, 0.035391, 0.257367, 0.124994, 0.023133, -0.998454, 0.050504, -0.002831, 0.258757, -0.042817, -0.964993, -1.2e-05, 0.0, 0.0, 0.0, 1.0],
                [0.965865, 0.030594, 0.257231, 0.124994, 0.022721, -0.999178, 0.033524, -0.002831, 0.258046, -0.026536, -0.965768, -1.2e-05, 0.0, 0.0, 0.0, 1.0],
                [0.966032, 0.026153, 0.257094, 0.124994, 0.022377, -0.999593, 0.017601, -0.002831, 0.25745, -0.01125, -0.966226, -1.2e-05, 0.0, 0.0, 0.0, 1.0],
                [0.966165, 0.022252, 0.256963, 0.124994, 0.022104, -0.999748, 0.003465, -0.002831, 0.256976, 0.002332, -0.966415, -1.2e-05, 0.0, 0.0, 0.0, 1.0],
                [0.966261, 0.019101, 0.256854, 0.124994, 0.021904, -0.999726, -0.008057, -0.002831, 0.25663, 0.013411, -0.966417, -1.2e-05, 0.0, 0.0, 0.0, 1.0],
                [0.966321, 0.017029, 0.256777, 0.124994, 0.021782, -0.999638, -0.015676, -0.002831, 0.256418, 0.020741, -0.966344, -1.2e-05, 0.0, 0.0, 0.0, 1.0],
                [0.96634, 0.016291, 0.25675, 0.124994, 0.02174, -0.999593, -0.018401, -0.002831, 0.256346, 0.023363, -0.966303, -1.2e-05, 0.0, 0.0, 0.0, 1.0]
            ]
        },
        {
            "name": "Leg_R",
            "time": [0.0, 0.0167, 0.0333, 0.05, 0.0667, 0.0833, 0.1, 0.1167, 0.1333, 0.15, 0.1667, 0.1833, 0.2, 0.2167, 0.2333, 0.25, 0.2667, 0.2833, 0.3, 0.3167, 0.3333, 0.35, 0.3667, 0.3833, 0.4, 0.4167, 0.4333, 0.45, 0.4667, 0.4833, 0.5, 0.5167, 0.5333, 0.55, 0.5667, 0.5833, 0.6, 0.6167, 0.6333, 0.65, 0.6667, 0.6833, 0.7, 0.7167, 0.7333, 0.75, 0.7667, 0.7833, 0.8, 0.8167, 0.8333, 0.85, 0.8667, 0.8833, 0.9, 0.9167, 0.9333, 0.95, 0.9667, 0.9833, 1.0, 1.0167, 1.0333, 1.05, 1.0667, 1.0833, 1.1, 1.1167, 1.1333, 1.15, 1.1667, 1.1833, 1.2, 1.2167, 1.2333, 1.25, 1.2667, 1.2833, 1.3, 1.3167, 1.3333],
            "transform": [
                [1.0, -1e-06, -0.0, -0.0, -0.0, -0.473793, 0.880636, 0.374726, -1e-06, -0.880638, -0.473789, 0.0, 0.0, 0.0, 0.0, 1.0],
                [1.0, -1e-06, -0.0, 0.0, -0.0, -0.476545, 0.87915, 0.374726, -1e-06, -0.879152, -0.476542, 0.0, 0.0, 0.0, 0.0, 1.0],
                [1.000001, -1e-06, -0.0, 0.0, -0.0, -0.483545, 0.875319, 0.374726, -1e-06, -0.875321, -0.483542, 0.0, 0.0, 0.0, 0.0, 1.0],
                [1.0, -1e-06, -0.0, 0.0, -0.0, -0.49291, 0.87008, 0.374726, -1e-06, -0.870083, -0.492906, 0.0, 0.0, 0.0, 0.0, 1.0],
                [1.0, -1e-06, -0.0, -0.0, -0.0, -0.502785, 0.864411, 0.374726, -1e-06, -0.864413, -0.502782, 0.0, 0.0, 0.0, 0.0, 1.0],
                [1.0, -1e-06, -0.0, -0.0, -0.0, -0.51139, 0.859349, 0.374726, -1e-06, -0.859351, -0.511386, -0.0, 0.0, 0.0, 0.0, 1.0],
                [1.0, -1e-06, -0.0, 0.0, -0.0, -0.516997, 0.855986, 0.374726, -1e-06, -0.855989, -0.516994, -0.0, 0.0, 0.0, 0.0, 1.0],
                [1.0, -1e-06, -0.0, 0.0, -0.0, -0.517911, 0.855434, 0.374726, -1e-06, -0.855437, -0.517907, 0.0, 0.0, 0.0, 0.0, 1.0],
                [1.0, -1e-06, -0.0, 0.0, -0.0, -0.512384, 0.858756, 0.374726, -1e-06, -0.858758, -0.51238, 0.0, 0.0, 0.0, 0.0, 1.0],
                [1.0, -1e-06, -0.0, -0.0, -0.0, -0.49853, 0.866872, 0.374726, -1e-06, -0.866875, -0.498527, 0.0, 0.0, 0.0, 0.0, 1.0],
                [1.0, -1e-06, -0.0, 0.0, -0.0, -0.474181, 0.880427, 0.374726, -1e-06, -0.880429, -0.474178, 0.0, 0.0, 0.0, 0.0, 1.0],
                [1.0, -1e-06, -0.0, -0.0, -0.0, -0.41583, 0.909442, 0.374726, -1e-06, -0.909444, -0.415827, 0.0, 0.0, 0.0, 0.0, 1.0],
                [1.000001, -1e-06, 0.0, 0.0, -0.0, -0.302895, 0.953023, 0.374726, -1e-06, -0.953025, -0.302894, -0.0, 0.0, 0.0, 0.0, 1.0],
                [1.0, -1e-06, 0.0, 0.0, -0.0, -0.137, 0.99057, 0.374726, -1e-06, -0.990572, -0.137, 0.0, 0.0, 0.0, 0.0, 1.0],
                [1.0, -1e-06, 0.0, 0.0, -0.0, 0.072249, 0.997386, 0.374726, -1e-06, -0.997388, 0.072249, 0.0, 0.0, 0.0, 0.0, 1.0],
                [1.0, -0.0, 0.0, 0.0, -0.0, 0.301306, 0.953526, 0.374726, -1e-06, -0.953528, 0.301304, -0.0, 0.0, 0.0, 0.0, 1.0],
                [1.0, -1e-06, 1e-06, -0.0, -0.0, 0.5123, 0.858806, 0.374726, -1e-06, -0.858808, 0.512297, 0.0, 0.0, 0.0, 0.0, 1.0],
                [1.0, -0.0, 1e-06, -0.0, -0.0, 0.658114, 0.752919, 0.374726, -1e-06, -0.752922, 0.658108, -0.0, 0.0, 0.0, 0.0, 1.0],
                [1.0, -0.0, 1e-06, 0.0, -0.0, 0.743961, 0.668225, 0.374726, -1e-06, -0.668228, 0.743955, -0.0, 0.0, 0.0, 0.0, 1.0],
                [1.0, -0.0, 1e-06, 0.0, -0.0, 0.808807, 0.588076, 0.374726, -1e-06, -0.588079, 0.808801, 0.0, 0.0, 0.0, 0.0, 1.0],
                [1.0, -0.0, 1e-06, 0.0, -0.0, 0.855895, 0.517154, 0.374726, -1e-06, -0.517157, 0.855888, -0.0, 0.0, 0.0, 0.0, 1.0],
                [1.0, -0.0, 1e-06, -0.0, -0.0, 0.889442, 0.457054, 0.374726, -1e-06, -0.457057, 0.889434, 0.0, 0.0, 0.0, 0.0, 1.0],
                [1.0, -0.0, 1e-06, 0.0, -0.0, 0.914069, 0.405569, 0.374726, -1e-06, -0.405571, 0.914059, 0.0, 0.0, 0.0, 0.0, 1.0],
                [1.0, -0.0, 1e-06, -0.0, -0.0, 0.934369, 0.356317, 0.374726, -1e-06, -0.356319, 0.934361, -0.0, 0.0, 0.0, 0.0, 1.0],
                [1.0, -0.0, 1e-06, 0.0, -0.0, 0.954764, 0.297376, 0.374726, -1e-06, -0.297377, 0.954756, 0.0, 0.0, 0.0, 0.0, 1.0],
                [1.0, -0.0, 1e-06, 0.0, -0.0, 0.979406, 0.201923, 0.374726, -1e-06, -0.201924, 0.979397, 0.0, 0.0, 0.0, 0.0, 1.0],
                [1.0, -0.0, 1e-06, -0.0, -0.0, 0.999994, 0.00468, 0.374726, -1e-06, -0.00468, 0.999984, -0.0, 0.0, 0.0, 0.0, 1.0],
                [1.0, -0.0, 1e-06, 0.0, -0.0, 0.999995, 0.004683, 0.374726, -1e-06, -0.004683, 0.999984, 0.0, 0.0, 0.0, 0.0, 1.0],
                [1.0, -0.0, 1e-06, -0.0, 0.0, 0.999995, 0.004683, 0.374726, -1e-06, -0.004683, 0.999983, -0.0, 0.0, 0.0, 0.0, 1.0],
                [1.0, -0.0, 1e-06, -0.0, -0.0, 0.999247, 0.038943, 0.374726, -1e-06, -0.038944, 0.999237, 0.0, 0.0, 0.0, 0.0, 1.0],
                [1.0, -0.0, 1e-06, -0.0, -0.0, 0.979406, 0.201923, 0.374726, -1e-06, -0.201924, 0.979397, -0.0, 0.0, 0.0, 0.0, 1.0],
                [1.0, -0.0, 1e-06, 0.0, -0.0, 0.958219, 0.286051, 0.374726, -1e-06, -0.286053, 0.95821, 0.0, 0.0, 0.0, 0.0, 1.0],
                [1.000001, -0.0, 1e-06, -0.0, -0.0, 0.94153, 0.336942, 0.374726, -1e-06, -0.336944, 0.94152, 0.0, 0.0, 0.0, 0.0, 1.0],
                [1.0, -0.0, 1e-06, -0.0, -0.0, 0.928045, 0.372476, 0.374726, -1e-06, -0.372478, 0.928037, -0.0, 0.0, 0.0, 0.0, 1.0],
                [1.0, -0.0, 1e-06, 0.0, -0.0, 0.916409, 0.400249, 0.374726, -1e-06, -0.400251, 0.916402, -0.0, 0.0, 0.0, 0.0, 1.0],
                [1.0, -0.0, 1e-06, 0.0, -0.0, 0.905354, 0.424663, 0.374726, -1e-06, -0.424665, 0.905347, 0.0, 0.0, 0.0, 0.0, 1.0],
                [1.0, -0.0, 1e-06, -0.0, -0.0, 0.893613, 0.448845, 0.374726, -1e-06, -0.448848, 0.893605, -0.0, 0.0, 0.0, 0.0, 1.0],
                [1.0, -0.0, 1e-06, -0.0, -0.0, 0.879939, 0.475092, 0.374726, -1e-06, -0.475095, 0.879931, -0.0, 0.0, 0.0, 0.0, 1.0],
                [1.0, -0.0, 1e-06, 0.0, -0.0, 0.863102, 0.505034, 0.374726, -1e-06, -0.505037, 0.863094, 0.0, 0.0, 0.0, 0.0, 1.0],
                [1.0, -0.0, 1e-06, -0.0, -0.0, 0.841906, 0.539627, 0.374726, -1e-06, -0.53963, 0.841899, 0.0, 0.0, 0.0, 0.0, 1.0],
                [1.0, -0.0, 1e-06, -0.0, -0.0, 0.815194, 0.579191, 0.374726, -1e-06, -0.579193, 0.815187, -0.0, 0.0, 0.0, 0.0, 1.0],
                [1.0, -0.0, 1e-06, -0.0, -0.0, 0.782361, 0.622828, 0.374726, -1e-06, -0.62283, 0.782355, 0.0, 0.0, 0.0, 0.0, 1.0],
                [1.0, -1e-06, 1e-06, 0.0, -0.0, 0.74495, 0.667122, 0.374726, -1e-06, -0.667125, 0.744945, -0.0, 0.0, 0.0, 0.0, 1.0],
                [1.0, -1e-06, 1e-06, 0.0, -0.0, 0.705027, 0.709181, 0.374726, -1e-06, -0.709184, 0.705022, -0.0, 0.0, 0.0, 0.0, 1.0],
                [1.0, -1e-06, 1e-06, -0.0, -0.0, 0.664577, 0.74722, 0.374726, -1e-06, -0.747222, 0.664573, 0.0, 0.0, 0.0, 0.0, 1.0],
                [1.0, -1e-06, 1e-06, -0.0, -0.0, 0.625497, 0.780227, 0.374726, -1e-06, -0.780229, 0.625493, -0.0, 0.0, 0.0, 0.0, 1.0],
                [1.0, -1e-06, 1e-06, -0.0, -0.0, 0.589592, 0.807702, 0.374726, -1e-06, -0.807703, 0.589587, -0.0, 0.0, 0.0, 0.0, 1.0],
                [1.0, -1e-06, 1e-06, 0.0, -0.0, 0.558583, 0.829448, 0.374726, -1e-06, -0.829451, 0.558579, -0.0, 0.0, 0.0, 0.0, 1.0],
                [1.0, -1e-06, 1e-06, 0.0, -0.0, 0.534137, 0.845397, 0.374726, -1e-06, -0.8454, 0.534133, 0.0, 0.0, 0.0, 0.0, 1.0],
                [1.0, -1e-06, 1e-06, -0.0, -0.0, 0.5179, 0.85544, 0.374726, -1e-06, -0.855443, 0.517897, 0.0, 0.0, 0.0, 0.0, 1.0],
                [1.0, -1e-06, 1e-06, -0.0, -0.0, 0.511539, 0.85926, 0.374726, -1e-06, -0.859262, 0.511535, -0.0, 0.0, 0.0, 0.0, 1.0],
                [1.0, -1e-06, 1e-06, -0.0, -0.0, 0.512088, 0.858933, 0.374726, -1e-06, -0.858935, 0.512085, -0.0, 0.0, 0.0, 0.0, 1.0],
                [1.0, -1e-06, 1e-06, 0.0, -0.0, 0.515332, 0.856991, 0.374726, -1e-06, -0.856993, 0.515329, 0.0, 0.0, 0.0, 0.0, 1.0],
                [1.000001, -1e-06, 1e-06, -0.0, -0.0, 0.521091, 0.853501, 0.374726, -1e-06, -0.853503, 0.521088, 0.0, 0.0, 0.0, 0.0, 1.0],
                [1.0, -1e-06, 1e-06, -0.0, -0.0, 0.529195, 0.848499, 0.374726, -1e-06, -0.848502, 0.529192, 0.0, 0.0, 0.0, 0.0, 1.0],
                [1.0, -1e-06, 1e-06, -0.0, -0.0, 0.539472, 0.842003, 0.374726, -1e-06, -0.842006, 0.539468, -0.0, 0.0, 0.0, 0.0, 1.0],
                [1.0, -1e-06, 1e-06, -0.0, -0.0, 0.551757, 0.834005, 0.374726, -1e-06, -0.834007, 0.551753, -0.0, 0.0, 0.0, 0.0, 1.0],
                [1.0, -1e-06, 1e-06, 0.0, -0.0, 0.565881, 0.824486, 0.374726, -1e-06, -0.824489, 0.565878, -0.0, 0.0, 0.0, 0.0, 1.0],
                [1.000001, -1e-06, 1e-06, -0.0, -0.0, 0.581676, 0.813421, 0.374726, -1e-06, -0.813423, 0.581672, 0.0, 0.0, 0.0, 0.0, 1.0],
                [1.0, -1e-06, 1e-06, -0.0, -0.0, 0.598977, 0.800766, 0.374726, -1e-06, -0.800769, 0.598974, 0.0, 0.0, 0.0, 0.0, 1.0],
                [1.0, -1e-06, 1e-06, 0.0, -0.0, 0.617606, 0.786488, 0.374726, -1e-06, -0.786491, 0.617601, 0.0, 0.0, 0.0, 0.0, 1.0],
                [1.0, -0.0, 1e-06, -0.0, -0.0, 0.637394, 0.770539, 0.374726, -1e-06, -0.770542, 0.637389, 0.0, 0.0, 0.0, 0.0, 1.0],
                [1.000001, -1e-06, 1e-06, 0.0, -0.0, 0.658152, 0.752886, 0.374726, -1e-06, -0.752888, 0.658148, 0.0, 0.0, 0.0, 0.0, 1.0],
                [1.0, -1e-06, 1e-06, -0.0, -0.0, 0.679701, 0.73349, 0.374726, -1e-06, -0.733492, 0.679697, 0.0, 0.0, 0.0, 0.0, 1.0],
                [1.000001, -1e-06, 1e-06, 0.0, -0.0, 0.701851, 0.712325, 0.374726, -1e-06, -0.712327, 0.701846, 0.0, 0.0, 0.0, 0.0, 1.0],
                [1.0, -1e-06, 1e-06, 0.0, -0.0, 0.724398, 0.689383, 0.374726, -1e-06, -0.689386, 0.724392, 0.0, 0.0, 0.0, 0.0, 1.0],
                [0.999999, -0.0, 1e-06, -0.0, -0.0, 0.747148, 0.664659, 0.374726, -1e-06, -0.664661, 0.747143, -0.0, 0.0, 0.0, 0.0, 1.0],
                [1.0, -0.0, 1e-06, 0.0, -0.0, 0.769886, 0.638182, 0.374726, -1e-06, -0.638185, 0.769881, -0.0, 0.0, 0.0, 0.0, 1.0],
                [1.0, -0.0, 1e-06, 0.0, -0.0, 0.7924, 0.610004, 0.374726, -1e-06, -0.610007, 0.792395, -0.0, 0.0, 0.0, 0.0, 1.0],
                [1.000001, -0.0, 1e-06, -0.0, -0.0, 0.81447, 0.580208, 0.374726, -1e-06, -0.580211, 0.814465, -0.0, 0.0, 0.0, 0.0, 1.0],
                [1.0, -0.0, 1e-06, 0.0, -0.0, 0.835869, 0.548934, 0.374726, -1e-06, -0.548936, 0.835861, 0.0, 0.0, 0.0, 0.0, 1.0],
                [1.000001, -0.0, 1e-06, -0.0, -0.0, 0.856367, 0.516374, 0.374726, -1e-06, -0.516376, 0.856359, -0.0, 0.0, 0.0, 0.0, 1.0],
                [1.0, -0.0, 1e-06, 0.0, -0.0, 0.875727, 0.482812, 0.374726, -1e-06, -0.482815, 0.875718, 0.0, 0.0, 0.0, 0.0, 1.0],
                [1.0, -0.0, 1e-06, -0.0, -0.0, 0.893712, 0.448646, 0.374726, -1e-06, -0.448648, 0.893705, 0.0, 0.0, 0.0, 0.0, 1.0],
                [1.0, -0.0, 1e-06, -0.0, -0.0, 0.910081, 0.414437, 0.374726, -1e-06, -0.414439, 0.910073, -0.0, 0.0, 0.0, 0.0, 1.0],
                [1.0, -0.0, 1e-06, -0.0, -0.0, 0.924586, 0.380981, 0.374726, -1e-06, -0.380983, 0.924578, -0.0, 0.0, 0.0, 0.0, 1.0],
                [1.0, -0.0, 1e-06, -0.0, -0.0, 0.936981, 0.349389, 0.374726, -1e-06, -0.349391, 0.936973, -0.0, 0.0, 0.0, 0.0, 1.0],
                [1.0, -0.0, 1e-06, 0.0, -0.0, 0.94702, 0.321187, 0.374726, -1e-06, -0.321189, 0.947011, 0.0, 0.0, 0.0, 0.0, 1.0],
                [1.0, -0.0, 1e-06, -0.0, -0.0, 0.954533, 0.298118, 0.374726, -1e-06, -0.29812, 0.954525, 0.0, 0.0, 0.0, 0.0, 1.0],
                [1.0, -0.0, 1e-06, 0.0, -0.0, 0.959179, 0.282817, 0.374726, -1e-06, -0.282819, 0.959168, -0.0, 0.0, 0.0, 0.0, 1.0],
                [1.0, -0.0, 1e-06, -0.0, -0.0, 0.960776, 0.277338, 0.374726, -1e-06, -0.27734, 0.960768, 0.0, 0.0, 0.0, 0.0, 1.0]
            ]
        },
        {
            "name": "Knee_R",
            "time": [0.0, 1.3333],
            "transform": [
                [1.0, 0.0, -0.0, 0.0, -0.0, 0.00567, -0.999984, 0.484724, -0.0, 0.999984, 0.00567, -0.000624, 0.0, 0.0, 0.0, 1.0],
                [1.0, 0.0, -0.0, -0.0, -0.0, 0.00567, -0.999984, 0.374726, -0.0, 0.999984, 0.00567, 0.0, 0.0, 0.0, 0.0, 1.0]
            ]
        },
        {
            "name": "Thigh_L",
            "time": [0.0, 0.0167, 0.0333, 0.05, 0.0667, 0.0833, 0.1, 0.1167, 0.1333, 0.15, 0.1667, 0.1833, 0.2, 0.2167, 0.2333, 0.25, 0.2667, 0.2833, 0.3, 0.3167, 0.3333, 0.35, 0.3667, 0.3833, 0.4, 0.4167, 0.4333, 0.45, 0.4667, 0.4833, 0.5, 0.5167, 0.5333, 0.55, 0.5667, 0.5833, 0.6, 0.6167, 0.6333, 0.65, 0.6667, 0.6833, 0.7, 0.7167, 0.7333, 0.75, 0.7667, 0.7833, 0.8, 0.8167, 0.8333, 0.85, 0.8667, 0.8833, 0.9, 0.9167, 0.9333, 0.95, 0.9667, 0.9833, 1.0, 1.0167, 1.0333, 1.05, 1.0667, 1.0833, 1.1, 1.1167, 1.1333, 1.15, 1.1667, 1.1833, 1.2, 1.2167, 1.2333, 1.25, 1.2667, 1.2833, 1.3, 1.3167, 1.3333],
            "transform": [
                [0.873348, 0.086325, -0.479385, -0.125006, 0.221907, -0.94662, 0.233811, -0.002831, -0.433611, -0.310577, -0.845885, -1.2e-05, 0.0, 0.0, 0.0, 1.0],
