{
    "animation": [
        {
            "name": "Root",
            "time": [0.0, 0.0167, 0.0333, 0.05, 0.0667, 0.0833, 0.1, 0.1167, 0.1333, 0.15, 0.1667, 0.1833, 0.2, 0.2167, 0.2333, 0.25, 0.2667, 0.2833, 0.3, 0.3167, 0.3333, 0.35, 0.3667, 0.3833, 0.4, 0.4167, 0.4333, 0.45, 0.4667, 0.4833, 0.5, 0.5167, 0.5333, 0.55, 0.5667, 0.5833, 0.6, 0.6167, 0.6333, 0.65, 0.6667, 0.6833, 0.7, 0.7167, 0.7333, 0.75, 0.7667, 0.7833, 0.8, 0.8167, 0.8333, 0.85, 0.8667, 0.8833, 0.9, 0.9167, 0.9333, 0.95, 0.9667, 0.9833, 1.0, 1.0167, 1.0333, 1.05, 1.0667, 1.0833, 1.1, 1.1167, 1.1333, 1.15, 1.1667, 1.1833, 1.2, 1.2167, 1.2333, 1.25, 1.2667, 1.2833, 1.3, 1.3167, 1.3333, 1.35, 1.3667, 1.3833, 1.4, 1.4167, 1.4333, 1.45, 1.4667, 1.4833, 1.5],
            "transform": [
                [0.999744, 0.022618, 0.0, 0.031677, 0.0, 0.0, -1.0, 0.187486, -0.022618, 0.999744, 0.0, 0.845611, 0.0, 0.0, 0.0, 1.0],
                [0.999744, 0.022618, -9e-06, 0.031677, -9e-06, 3.6e-05, -1.0, 0.187486, -0.022618, 0.999744, 3.6e-05, 0.844725, 0.0, 0.0, 0.0, 1.0],
                [0.999744, 0.022618, -2.9e-05, 0.031677, -3.6e-05, 0.000287, -1.0, 0.187486, -0.022618, 0.999744, 0.000288, 0.842388, 0.0, 0.0, 0.0, 1.0],
                [0.999744, 0.022618, -5.5e-05, 0.031677, -7.7e-05, 0.00097, -1.0, 0.187486, -0.022618, 0.999744, 0.000972, 0.839085, 0.0, 0.0, 0.0, 1.0],
                [0.999744, 0.022618, -7.8e-05, 0.031677, -0.00013, 0.002301, -0.999997, 0.187486, -0.022618, 0.999742, 0.002303, 0.835299, 0.0, 0.0, 0.0, 1.0],
                [0.999744, 0.022618, -9.2e-05, 0.031677, -0.000193, 0.004494, -0.99999, 0.187486, -0.022617, 0.999734, 0.004497, 0.831512, 0.0, 0.0, 0.0, 1.0],
                [0.999744, 0.022618, -8.8e-05, 0.031677, -0.000264, 0.007766, -0.99997, 0.187486, -0.022617, 0.999714, 0.00777, 0.828209, 0.0, 0.0, 0.0, 1.0],
                [0.999744, 0.022618, -6e-05, 0.031677, -0.000339, 0.012334, -0.999924, 0.187486, -0.022616, 0.999668, 0.012338, 0.825872, 0.0, 0.0, 0.0, 1.0],
                [0.999744, 0.022618, 0.0, 0.031677, -0.000417, 0.018411, -0.99983, 0.187486, -0.022614, 0.999575, 0.018416, 0.824986, 0.0, 0.0, 0.0, 1.0],
                [0.998951, 0.028753, 0.035649, 0.031677, 0.034707, 0.032603, -0.998866, 0.187486, -0.029882, 0.999055, 0.031571, 0.825663, 0.0, 0.0, 0.0, 1.0],
                [0.989945, 0.043918, 0.134464, 0.031677, 0.131692, 0.060869, -0.98942, 0.187486, -0.051638, 0.997179, 0.054473, 0.827531, 0.0, 0.0, 0.0, 1.0],
                [0.957068, 0.061982, 0.28316, 0.031677, 0.276064, 0.102916, -0.955613, 0.187486, -0.088373, 0.992757, 0.081387, 0.830346, 0.0, 0.0, 0.0, 1.0],
                [0.884051, 0.075677, 0.461224, 0.031677, 0.446247, 0.156786, -0.881069, 0.187486, -0.13899, 0.984729, 0.104836, 0.833867, 0.0, 0.0, 0.0, 1.0],
                [0.764721, 0.078715, 0.639536, 0.031677, 0.613005, 0.216974, -0.759702, 0.187486, -0.198563, 0.972999, 0.117671, 0.837849, 0.0, 0.0, 0.0, 1.0],
                [0.610844, 0.068926, 0.788746, 0.031677, 0.748308, 0.275197, -0.603575, 0.187486, -0.258662, 0.958914, 0.116524, 0.842049, 0.0, 0.0, 0.0, 1.0],
                [0.449109, 0.049647, 0.892097, 0.031677, 0.837727, 0.323771, -0.439756, 0.187486, -0.310668, 0.944832, 0.103818, 0.846223, 0.0, 0.0, 0.0, 1.0],
                [0.309103, 0.027811, 0.950622, 0.031677, 0.884607, 0.358594, -0.298129, 0.187486, -0.349179, 0.933079, 0.086241, 0.85013, 0.0, 0.0, 0.0, 1.0],
                [0.213781, 0.010703, 0.976823, 0.031677, 0.903073, 0.379129, -0.201795, 0.187486, -0.372502, 0.925282, 0.071385, 0.853525, 0.0, 0.0, 0.0, 1.0],
                [0.178983, 0.004049, 0.983844, 0.031677, 0.907309, 0.386029, -0.166649, 0.187486, -0.380467, 0.922478, 0.065419, 0.856165, 0.0, 0.0, 0.0, 1.0],
                [0.178983, 0.004049, 0.983844, 0.031677, 0.907309, 0.386029, -0.166649, 0.187486, -0.380467, 0.922478, 0.065419, 0.858122, 0.0, 0.0, 0.0, 1.0],
                [0.178983, 0.004049, 0.983844, 0.031677, 0.907309, 0.386029, -0.166649, 0.187486, -0.380467, 0.922478, 0.065419, 0.859667, 0.0, 0.0, 0.0, 1.0],
                [0.178983, 0.004049, 0.983844, 0.031677, 0.907309, 0.386029, -0.166649, 0.187486, -0.380467, 0.922478, 0.065419, 0.860858, 0.0, 0.0, 0.0, 1.0],
                [0.178983, 0.004049, 0.983844, 0.031677, 0.907309, 0.386029, -0.166649, 0.187486, -0.380467, 0.922478, 0.065419, 0.86175, 0.0, 0.0, 0.0, 1.0],
                [0.178983, 0.004049, 0.983844, 0.031677, 0.907309, 0.386029, -0.166649, 0.187486, -0.380467, 0.922478, 0.065419, 0.862399, 0.0, 0.0, 0.0, 1.0],
                [0.178983, 0.004049, 0.983844, 0.031677, 0.907309, 0.386029, -0.166649, 0.187486, -0.380467, 0.922478, 0.065419, 0.862863, 0.0, 0.0, 0.0, 1.0],
                [0.178983, 0.004049, 0.983844, 0.031677, 0.907309, 0.386029, -0.166649, 0.187486, -0.380467, 0.922478, 0.065419, 0.863197, 0.0, 0.0, 0.0, 1.0],
                [0.178983, 0.004049, 0.983844, 0.031677, 0.907309, 0.386029, -0.166649, 0.187486, -0.380467, 0.922478, 0.065419, 0.863457, 0.0, 0.0, 0.0, 1.0],
                [0.178983, 0.004049, 0.983844, 0.031677, 0.907309, 0.386029, -0.166649, 0.187486, -0.380467, 0.922478, 0.065419, 0.8637, 0.0, 0.0, 0.0, 1.0],
                [0.178983, 0.004049, 0.983844, 0.031677, 0.907309, 0.386029, -0.166649, 0.187486, -0.380467, 0.922478, 0.065419, 0.863983, 0.0, 0.0, 0.0, 1.0],
                [0.178983, 0.004049, 0.983844, 0.031677, 0.907309, 0.386029, -0.166649, 0.187486, -0.380467, 0.922478, 0.065419, 0.864361, 0.0, 0.0, 0.0, 1.0],
                [0.178983, 0.004049, 0.983844, 0.031677, 0.907309, 0.386029, -0.166649, 0.187486, -0.380467, 0.922478, 0.065419, 0.86489, 0.0, 0.0, 0.0, 1.0],
                [0.180042, 0.004278, 0.98365, 0.031677, 0.907202, 0.385814, -0.167727, 0.187486, -0.380223, 0.922567, 0.065582, 0.865616, 0.0, 0.0, 0.0, 1.0],
                [0.183171, 0.004952, 0.983069, 0.031677, 0.906878, 0.385176, -0.170915, 0.187486, -0.379501, 0.92283, 0.066062, 0.866535, 0.0, 0.0, 0.0, 1.0],
                [0.188304, 0.006054, 0.982092, 0.031677, 0.906323, 0.384124, -0.176144, 0.187486, -0.378311, 0.923262, 0.066846, 0.867631, 0.0, 0.0, 0.0, 1.0],
                [0.195378, 0.007563, 0.980699, 0.031677, 0.905512, 0.382662, -0.18335, 0.187486, -0.376663, 0.923857, 0.067915, 0.868889, 0.0, 0.0, 0.0, 1.0],
                [0.204329, 0.00946, 0.978856, 0.031677, 0.904407, 0.380793, -0.192469, 0.187486, -0.374562, 0.924612, 0.069251, 0.870295, 0.0, 0.0, 0.0, 1.0],
                [0.215097, 0.011721, 0.976522, 0.031677, 0.902961, 0.378516, -0.203438, 0.187486, -0.372014, 0.925521, 0.070834, 0.871832, 0.0, 0.0, 0.0, 1.0],
                [0.22762, 0.014322, 0.973645, 0.031677, 0.901118, 0.375828, -0.216193, 0.187486, -0.369019, 0.926579, 0.07264, 0.873486, 0.0, 0.0, 0.0, 1.0],
                [0.241835, 0.017237, 0.970165, 0.031677, 0.898815, 0.372724, -0.230671, 0.187486, -0.36558, 0.927782, 0.074645, 0.875241, 0.0, 0.0, 0.0, 1.0],
                [0.257675, 0.020438, 0.966015, 0.031677, 0.895979, 0.369199, -0.246805, 0.187486, -0.361696, 0.929125, 0.076821, 0.877082, 0.0, 0.0, 0.0, 1.0],
                [0.275073, 0.023896, 0.961127, 0.031677, 0.892537, 0.365247, -0.264524, 0.187486, -0.357369, 0.930604, 0.079142, 0.878994, 0.0, 0.0, 0.0, 1.0],
                [0.293955, 0.027579, 0.955421, 0.031677, 0.888406, 0.360859, -0.283753, 0.187486, -0.352598, 0.932212, 0.081575, 0.880962, 0.0, 0.0, 0.0, 1.0],
                [0.314241, 0.031453, 0.948822, 0.031677, 0.883503, 0.35603, -0.30441, 0.187486, -0.347384, 0.933945, 0.08409, 0.882969, 0.0, 0.0, 0.0, 1.0],
                [0.335846, 0.035484, 0.941248, 0.031677, 0.877741, 0.350754, -0.326409, 0.187486, -0.341729, 0.935795, 0.086653, 0.885002, 0.0, 0.0, 0.0, 1.0],
                [0.358678, 0.039635, 0.93262, 0.031677, 0.871033, 0.345025, -0.349655, 0.187486, -0.335635, 0.937756, 0.08923, 0.887044, 0.0, 0.0, 0.0, 1.0],
                [0.382636, 0.043866, 0.922857, 0.031677, 0.863295, 0.33884, -0.374045, 0.187486, -0.329109, 0.939821, 0.091783, 0.889081, 0.0, 0.0, 0.0, 1.0],
                [0.40761, 0.048138, 0.911887, 0.031677, 0.854441, 0.332198, -0.399468, 0.187486, -0.322157, 0.94198, 0.094276, 0.891097, 0.0, 0.0, 0.0, 1.0],
                [0.433483, 0.052409, 0.899636, 0.031677, 0.844394, 0.325101, -0.425804, 0.187486, -0.314789, 0.944226, 0.096672, 0.893077, 0.0, 0.0, 0.0, 1.0],
                [0.460129, 0.056637, 0.886044, 0.031677, 0.83308, 0.317553, -0.452923, 0.187486, -0.307018, 0.946548, 0.098932, 0.895005, 0.0, 0.0, 0.0, 1.0],
                [0.487413, 0.060779, 0.871054, 0.031677, 0.820434, 0.309561, -0.480688, 0.187486, -0.29886, 0.948935, 0.101019, 0.896867, 0.0, 0.0, 0.0, 1.0],
                [0.515192, 0.064791, 0.854622, 0.031677, 0.806401, 0.301139, -0.508953, 0.187486, -0.290335, 0.951377, 0.102897, 0.898648, 0.0, 0.0, 0.0, 1.0],
                [0.543317, 0.068631, 0.836718, 0.031677, 0.790938, 0.2923, -0.537566, 0.187486, -0.281467, 0.953861, 0.104529, 0.900331, 0.0, 0.0, 0.0, 1.0],
                [0.571631, 0.072257, 0.817323, 0.031677, 0.774016, 0.283067, -0.566368, 0.187486, -0.272282, 0.956374, 0.105882, 0.901901, 0.0, 0.0, 0.0, 1.0],
                [0.599977, 0.07563, 0.796434, 0.031677, 0.755618, 0.273464, -0.595197, 0.187486, -0.262811, 0.958904, 0.106924, 0.903344, 0.0, 0.0, 0.0, 1.0],
                [0.628192, 0.078712, 0.774067, 0.031677, 0.735745, 0.263519, -0.623888, 0.187486, -0.253089, 0.961438, 0.107628, 0.904644, 0.0, 0.0, 0.0, 1.0],
                [0.656113, 0.081468, 0.750252, 0.031677, 0.714417, 0.253266, -0.652277, 0.187486, -0.243153, 0.96396, 0.107969, 0.905786, 0.0, 0.0, 0.0, 1.0],
                [0.683582, 0.083867, 0.725039, 0.031677, 0.691669, 0.242743, -0.680198, 0.187486, -0.233045, 0.966459, 0.107926, 0.906755, 0.0, 0.0, 0.0, 1.0],
                [0.710441, 0.085883, 0.698497, 0.031677, 0.667556, 0.23199, -0.707495, 0.187486, -0.222806, 0.968919, 0.107484, 0.907535, 0.0, 0.0, 0.0, 1.0],
                [0.736542, 0.087493, 0.670709, 0.031677, 0.64215, 0.221053, -0.734016, 0.187486, -0.212484, 0.971329, 0.106632, 0.908111, 0.0, 0.0, 0.0, 1.0],
                [0.761745, 0.08868, 0.641779, 0.031677, 0.615541, 0.209979, -0.759617, 0.187486, -0.202123, 0.973676, 0.105364, 0.908468, 0.0, 0.0, 0.0, 1.0],
                [0.785922, 0.089434, 0.611823, 0.031677, 0.587835, 0.198816, -0.78417, 0.187486, -0.191771, 0.975948, 0.103682, 0.90859, 0.0, 0.0, 0.0, 1.0],
                [0.808959, 0.089748, 0.580974, 0.031677, 0.559153, 0.187615, -0.807557, 0.187486, -0.181476, 0.978134, 0.10159, 0.90845, 0.0, 0.0, 0.0, 1.0],
                [0.830755, 0.089624, 0.549375, 0.031677, 0.52963, 0.176427, -0.829678, 0.187486, -0.171284, 0.980225, 0.0991, 0.908041, 0.0, 0.0, 0.0, 1.0],
                [0.851229, 0.089068, 0.517181, 0.031677, 0.49941, 0.165302, -0.85045, 0.187486, -0.161239, 0.982213, 0.096229, 0.907384, 0.0, 0.0, 0.0, 1.0],
                [0.870316, 0.088092, 0.48455, 0.031677, 0.468649, 0.154291, -0.869806, 0.187486, -0.151385, 0.984091, 0.092998, 0.906497, 0.0, 0.0, 0.0, 1.0],
                [0.887971, 0.086714, 0.451651, 0.031677, 0.437506, 0.143441, -0.887701, 0.187486, -0.141761, 0.985853, 0.089433, 0.9054, 0.0, 0.0, 0.0, 1.0],
                [0.904165, 0.084956, 0.418651, 0.031677, 0.406147, 0.132797, -0.904107, 0.187486, -0.132405, 0.987496, 0.085566, 0.904111, 0.0, 0.0, 0.0, 1.0],
                [0.91889, 0.082845, 0.385718, 0.031677, 0.374735, 0.122402, -0.919016, 0.187486, -0.123349, 0.989017, 0.081429, 0.90265, 0.0, 0.0, 0.0, 1.0],
                [0.932155, 0.080414, 0.353017, 0.031677, 0.343437, 0.112296, -0.932438, 0.187486, -0.114623, 0.990416, 0.07706, 0.901036, 0.0, 0.0, 0.0, 1.0],
                [0.943985, 0.077696, 0.320711, 0.031677, 0.312414, 0.102513, -0.944399, 0.187486, -0.106253, 0.991693, 0.072498, 0.899288, 0.0, 0.0, 0.0, 1.0],
                [0.954422, 0.074728, 0.288953, 0.031677, 0.281822, 0.093085, -0.954941, 0.187486, -0.098258, 0.99285, 0.067783, 0.897425, 0.0, 0.0, 0.0, 1.0],
                [0.963521, 0.07155, 0.257891, 0.031677, 0.25181, 0.08404, -0.964121, 0.187486, -0.090656, 0.99389, 0.062957, 0.895466, 0.0, 0.0, 0.0, 1.0],
                [0.971349, 0.068203, 0.227662, 0.031677, 0.222522, 0.0754, -0.972008, 0.187486, -0.083459, 0.994818, 0.058063, 0.893431, 0.0, 0.0, 0.0, 1.0],
                [0.977982, 0.064728, 0.198395, 0.031677, 0.19409, 0.067184, -0.97868, 0.187486, -0.076677, 0.995639, 0.053142, 0.891338, 0.0, 0.0, 0.0, 1.0],
                [0.983508, 0.061167, 0.170207, 0.031677, 0.166637, 0.059409, -0.984227, 0.187486, -0.070314, 0.996358, 0.048236, 0.889207, 0.0, 0.0, 0.0, 1.0],
                [0.988017, 0.057562, 0.143207, 0.031677, 0.140278, 0.052085, -0.988741, 0.187486, -0.064373, 0.996982, 0.043386, 0.887057, 0.0, 0.0, 0.0, 1.0],
                [0.991607, 0.053954, 0.117492, 0.031677, 0.115116, 0.045221, -0.992322, 0.187486, -0.058853, 0.997519, 0.038631, 0.884907, 0.0, 0.0, 0.0, 1.0],
                [0.994377, 0.050383, 0.09315, 0.031677, 0.091248, 0.038823, -0.995071, 0.187486, -0.053751, 0.997975, 0.034008, 0.882776, 0.0, 0.0, 0.0, 1.0],
                [0.996426, 0.046887, 0.070259, 0.031677, 0.068758, 0.032895, -0.997091, 0.187486, -0.049062, 0.998358, 0.029554, 0.880684, 0.0, 0.0, 0.0, 1.0],
                [0.997856, 0.043504, 0.048891, 0.031677, 0.047726, 0.027437, -0.998484, 0.187486, -0.044779, 0.998676, 0.025302, 0.878648, 0.0, 0.0, 0.0, 1.0],
                [0.998765, 0.040269, 0.029109, 0.031677, 0.028221, 0.022451, -0.999349, 0.187486, -0.040896, 0.998937, 0.021287, 0.87669, 0.0, 0.0, 0.0, 1.0],
                [0.999247, 0.037215, 0.010971, 0.031677, 0.010309, 0.017934, -0.999786, 0.187486, -0.037404, 0.999146, 0.017537, 0.874827, 0.0, 0.0, 0.0, 1.0],
                [0.999394, 0.034376, -0.00547, 0.031677, -0.00595, 0.013886, -0.999886, 0.187486, -0.034296, 0.999313, 0.014082, 0.873079, 0.0, 0.0, 0.0, 1.0],
                [0.999291, 0.03178, -0.020164, 0.031677, -0.0205, 0.010305, -0.999737, 0.187486, -0.031564, 0.999442, 0.010949, 0.871464, 0.0, 0.0, 0.0, 1.0],
                [0.999019, 0.029456, -0.033063, 0.031677, -0.033288, 0.007191, -0.99942, 0.187486, -0.029202, 0.99954, 0.008164, 0.870003, 0.0, 0.0, 0.0, 1.0],
                [0.99865, 0.027431, -0.044121, 0.031677, -0.044261, 0.004542, -0.99901, 0.187486, -0.027203, 0.999613, 0.00575, 0.868715, 0.0, 0.0, 0.0, 1.0],
                [0.998248, 0.025727, -0.053289, 0.031677, -0.053368, 0.002361, -0.998572, 0.187486, -0.025565, 0.999666, 0.00373, 0.867617, 0.0, 0.0, 0.0, 1.0],
                [0.99787, 0.024369, -0.060519, 0.031677, -0.060553, 0.000651, -0.998165, 0.187486, -0.024285, 0.999703, 0.002126, 0.866731, 0.0, 0.0, 0.0, 1.0],
                [0.997562, 0.023376, -0.065757, 0.031677, -0.065761, -0.000582, -0.997835, 0.187486, -0.023364, 0.999727, 0.000957, 0.866073, 0.0, 0.0, 0.0, 1.0],
                [0.997361, 0.022769, -0.068947, 0.031677, -0.068934, -0.001331, -0.99762, 0.187486, -0.022806, 0.99974, 0.000242, 0.865665, 0.0, 0.0, 0.0, 1.0],
                [0.99729, 0.022563, -0.070025, 0.031677, -0.070007, -0.001584, -0.997545, 0.187486, -0.022618, 0.999744, -0.0, 0.865525, 0.0, 0.0, 0.0, 1.0]
            ]
        },
        {
            "name": "Thigh_R",
            "time": [0.0, 0.0167, 0.0333, 0.05, 0.0667, 0.0833, 0.1, 0.1167, 0.1333, 0.15, 0.1667, 0.1833, 0.2, 0.2167, 0.2333, 0.25, 0.2667, 0.2833, 0.3, 0.3167, 0.3333, 0.35, 0.3667, 0.3833, 0.4, 0.4167, 0.4333, 0.45, 0.4667, 0.4833, 0.5, 0.5167, 0.5333, 0.55, 0.5667, 0.5833, 0.6, 0.6167, 0.6333, 0.65, 0.6667, 0.6833, 0.7, 0.7167, 0.7333, 0.75, 0.7667, 0.7833, 0.8, 0.8167, 0.8333, 0.85, 0.8667, 0.8833, 0.9, 0.9167, 0.9333, 0.95, 0.9667, 0.9833, 1.0, 1.0167, 1.0333, 1.05, 1.0667, 1.0833, 1.1, 1.1167, 1.1333, 1.15, 1.1667, 1.1833, 1.2, 1.2167, 1.2333, 1.25, 1.2667, 1.2833, 1.3, 1.3167, 1.3333, 1.35, 1.3667, 1.3833, 1.4, 1.4167, 1.4333, 1.45, 1.4667, 1.4833, 1.5],
            "transform": [
                [0.94691, 0.027626, 0.32031, 0.124994, 0.040971, -0.998545, -0.034998, -0.002831, 0.318877, 0.046263, -0.946666, -1.2e-05, 0.0, 0.0, 0.0, 1.0],
                [0.946809, 0.026613, 0.320693, 0.124994, 0.040239, -0.998542, -0.035937, -0.002831, 0.31927, 0.046929, -0.946502, -1.2e-05, 0.0, 0.0, 0.0, 1.0],
                [0.946517, 0.023748, 0.321779, 0.124994, 0.038094, -0.998536, -0.038361, -0.002831, 0.320397, 0.048567, -0.946038, -1.2e-05, 0.0, 0.0, 0.0, 1.0],
                [0.946044, 0.019275, 0.323464, 0.124994, 0.034612, -0.998527, -0.04173, -0.002831, 0.322184, 0.050674, -0.94532, -1.2e-05, 0.0, 0.0, 0.0, 1.0],
                [0.945398, 0.013432, 0.325639, 0.124994, 0.029866, -0.998515, -0.045522, -0.002831, 0.324544, 0.052761, -0.944398, -1.2e-05, 0.0, 0.0, 0.0, 1.0],
                [0.944588, 0.006435, 0.328197, 0.124994, 0.023925, -0.998497, -0.049281, -0.002831, 0.327387, 0.054402, -0.943323, -1.2e-05, 0.0, 0.0, 0.0, 1.0],
                [0.943617, -0.001388, 0.331038, 0.124994, 0.016854, -0.998492, -0.052229, -0.002831, 0.330611, 0.054864, -0.942171, -1.2e-05, 0.0, 0.0, 0.0, 1.0],
                [0.942494, -0.009745, 0.334079, 0.124994, 0.008713, -0.998517, -0.053707, -0.002831, 0.334107, 0.053529, -0.941014, -1.2e-05, 0.0, 0.0, 0.0, 1.0],
                [0.941233, -0.018262, 0.337264, 0.124994, -0.000444, -0.998602, -0.052833, -0.002831, 0.337757, 0.049578, -0.939927, -1.2e-05, 0.0, 0.0, 0.0, 1.0],
                [0.943426, -0.028697, 0.330339, 0.124994, -0.012025, -0.998552, -0.052402, -0.002831, 0.331365, 0.045464, -0.942407, -1.2e-05, 0.0, 0.0, 0.0, 1.0],
                [0.953632, -0.040892, 0.298183, 0.124994, -0.026289, -0.998256, -0.052821, -0.002831, 0.299824, 0.042532, -0.953046, -1.2e-05, 0.0, 0.0, 0.0, 1.0],
                [0.971307, -0.049728, 0.232571, 0.124994, -0.039217, -0.997997, -0.049608, -0.002831, 0.234572, 0.039063, -0.971314, -1.2e-05, 0.0, 0.0, 0.0, 1.0],
                [0.987945, -0.047614, 0.147296, 0.124994, -0.042391, -0.99836, -0.038405, -0.002831, 0.148883, 0.031698, -0.988347, -1.2e-05, 0.0, 0.0, 0.0, 1.0],
                [0.995605, -0.030146, 0.088669, 0.124994, -0.029539, -0.999527, -0.008158, -0.002831, 0.088873, 0.005503, -0.996028, -1.2e-05, 0.0, 0.0, 0.0, 1.0],
                [0.99619, -0.00154, 0.087196, 0.124994, -0.004722, -0.999327, 0.036308, -0.002831, 0.087081, -0.036582, -0.995529, -1.2e-05, 0.0, 0.0, 0.0, 1.0],
                [0.991007, 0.032588, 0.129776, 0.124994, 0.022971, -0.996923, 0.074924, -0.002831, 0.131818, -0.071269, -0.988708, -1.2e-05, 0.0, 0.0, 0.0, 1.0],
                [0.980324, 0.065064, 0.186361, 0.124994, 0.046597, -0.99371, 0.101813, -0.002831, 0.191813, -0.091126, -0.977192, -1.2e-05, 0.0, 0.0, 0.0, 1.0],
                [0.968779, 0.08795, 0.231802, 0.124994, 0.062371, -0.99135, 0.115468, -0.002831, 0.239952, -0.097405, -0.965886, -1.2e-05, 0.0, 0.0, 0.0, 1.0],
                [0.963573, 0.094922, 0.250034, 0.124994, 0.068227, -0.991206, 0.113368, -0.002831, 0.258597, -0.092179, -0.961578, -1.2e-05, 0.0, 0.0, 0.0, 1.0],
                [0.963596, 0.092713, 0.250773, 0.124994, 0.068332, -0.992198, 0.104258, -0.002831, 0.258482, -0.083327, -0.962416, -1.2e-05, 0.0, 0.0, 0.0, 1.0],
                [0.963641, 0.091242, 0.251141, 0.124994, 0.068095, -0.992715, 0.099379, -0.002831, 0.258379, -0.078664, -0.962836, -1.2e-05, 0.0, 0.0, 0.0, 1.0],
                [0.963702, 0.090584, 0.251141, 0.124994, 0.067585, -0.992812, 0.098757, -0.002831, 0.258282, -0.078199, -0.9629, -1.2e-05, 0.0, 0.0, 0.0, 1.0],
                [0.963778, 0.090573, 0.250854, 0.124994, 0.066867, -0.992586, 0.101479, -0.002831, 0.258186, -0.081029, -0.962692, -1.2e-05, 0.0, 0.0, 0.0, 1.0],
                [0.963864, 0.090885, 0.25041, 0.124994, 0.06601, -0.992169, 0.10602, -0.002831, 0.258085, -0.08566, -0.962318, -1.2e-05, 0.0, 0.0, 0.0, 1.0],
                [0.963957, 0.091318, 0.249895, 0.124994, 0.065079, -0.991648, 0.111336, -0.002831, 0.257975, -0.09106, -0.961852, -1.2e-05, 0.0, 0.0, 0.0, 1.0],
                [0.964053, 0.091708, 0.249381, 0.124994, 0.064144, -0.991114, 0.11651, -0.002831, 0.257851, -0.096325, -0.961372, -1.2e-05, 0.0, 0.0, 0.0, 1.0],
                [0.964149, 0.091893, 0.248943, 0.124994, 0.063271, -0.990676, 0.120646, -0.002831, 0.257708, -0.10057, -0.960975, -1.2e-05, 0.0, 0.0, 0.0, 1.0],
                [0.964241, 0.091818, 0.248612, 0.124994, 0.062528, -0.990401, 0.123262, -0.002831, 0.257544, -0.103309, -0.960729, -1.2e-05, 0.0, 0.0, 0.0, 1.0],
                [0.964327, 0.0914, 0.248433, 0.124994, 0.061985, -0.990373, 0.123762, -0.002831, 0.257353, -0.103948, -0.960711, -1.2e-05, 0.0, 0.0, 0.0, 1.0],
                [0.964404, 0.090533, 0.248454, 0.124994, 0.06171, -0.990675, 0.121454, -0.002831, 0.257133, -0.101798, -0.961, -1.2e-05, 0.0, 0.0, 0.0, 1.0],
                [0.964467, 0.089037, 0.248749, 0.124994, 0.061771, -0.9914, 0.115359, -0.002831, 0.256881, -0.095894, -0.961674, -1.2e-05, 0.0, 0.0, 0.0, 1.0],
                [0.964568, 0.086311, 0.249316, 0.124994, 0.061877, -0.992622, 0.104245, -0.002831, 0.256474, -0.085124, -0.962795, -1.2e-05, 0.0, 0.0, 0.0, 1.0],
                [0.964758, 0.081615, 0.250163, 0.124994, 0.061695, -0.99434, 0.086476, -0.002831, 0.255805, -0.067995, -0.964334, -1.2e-05, 0.0, 0.0, 0.0, 1.0],
                [0.965027, 0.072204, 0.252008, 0.124994, 0.061228, -0.996812, 0.051136, -0.002831, 0.254897, -0.033918, -0.966374, -1.2e-05, 0.0, 0.0, 0.0, 1.0],
                [0.965367, 0.065345, 0.252578, 0.124994, 0.060481, -0.997803, 0.026983, -0.002831, 0.253786, -0.010773, -0.967201, -1.2e-05, 0.0, 0.0, 0.0, 1.0],
                [0.965764, 0.064238, 0.251342, 0.124994, 0.059457, -0.997875, 0.026578, -0.002831, 0.252515, -0.010724, -0.967534, -1.2e-05, 0.0, 0.0, 0.0, 1.0],
                [0.966203, 0.062836, 0.250008, 0.124994, 0.058159, -0.997965, 0.026059, -0.002831, 0.251136, -0.010638, -0.967893, -1.2e-05, 0.0, 0.0, 0.0, 1.0],
                [0.966666, 0.061142, 0.248634, 0.124994, 0.05659, -0.998072, 0.025422, -0.002831, 0.249709, -0.010504, -0.968265, -1.2e-05, 0.0, 0.0, 0.0, 1.0],
                [0.967135, 0.059159, 0.247287, 0.124994, 0.054754, -0.998194, 0.024662, -0.002831, 0.2483, -0.010312, -0.968629, -1.2e-05, 0.0, 0.0, 0.0, 1.0],
                [0.967589, 0.056892, 0.246038, 0.124994, 0.052654, -0.998328, 0.023774, -0.002831, 0.246979, -0.010049, -0.968969, -1.2e-05, 0.0, 0.0, 0.0, 1.0],
                [0.968008, 0.054343, 0.244964, 0.124994, 0.050296, -0.998474, 0.02275, -0.002831, 0.245827, -0.009702, -0.969266, -1.2e-05, 0.0, 0.0, 0.0, 1.0],
                [0.968369, 0.051133, 0.244223, 0.124994, 0.047506, -0.998654, 0.02072, -0.002831, 0.244955, -0.008462, -0.969498, -1.2e-05, 0.0, 0.0, 0.0, 1.0],
                [0.96865, 0.047001, 0.243943, 0.124994, 0.044205, -0.998878, 0.016929, -0.002831, 0.244465, -0.005615, -0.969643, -1.2e-05, 0.0, 0.0, 0.0, 1.0],
                [0.968822, 0.042132, 0.24415, 0.124994, 0.040542, -0.99911, 0.011535, -0.002831, 0.244419, -0.001277, -0.969669, -1.2e-05, 0.0, 0.0, 0.0, 1.0],
                [0.968862, 0.036699, 0.244869, 0.124994, 0.03667, -0.999314, 0.004679, -0.002831, 0.244873, 0.004446, -0.969545, -1.2e-05, 0.0, 0.0, 0.0, 1.0],
                [0.968747, 0.030877, 0.24612, 0.124994, 0.032745, -0.999456, -0.0035, -0.002831, 0.245878, 0.01145, -0.969233, -1.2e-05, 0.0, 0.0, 0.0, 1.0],
                [0.968461, 0.052586, 0.24355, 0.124994, 0.02892, -0.994591, 0.099747, -0.002831, 0.247479, -0.089557, -0.964746, -1.2e-05, 0.0, 0.0, 0.0, 1.0],
                [0.967991, 0.062954, 0.242962, 0.124994, 0.02535, -0.987603, 0.154903, -0.002831, 0.249701, -0.143785, -0.957588, -1.2e-05, 0.0, 0.0, 0.0, 1.0],
                [0.967326, 0.070308, 0.243591, 0.124994, 0.022178, -0.98056, 0.19495, -0.002831, 0.252563, -0.183177, -0.950083, -1.2e-05, 0.0, 0.0, 0.0, 1.0],
                [0.966464, 0.076586, 0.245117, 0.124994, 0.019539, -0.973655, 0.227179, -0.002831, 0.256059, -0.214771, -0.942501, -1.2e-05, 0.0, 0.0, 0.0, 1.0],
                [0.965404, 0.08248, 0.247369, 0.124994, 0.017547, -0.967052, 0.253965, -0.002831, 0.260166, -0.240838, -0.935046, -1.2e-05, 0.0, 0.0, 0.0, 1.0],
                [0.964154, 0.088339, 0.250206, 0.124994, 0.01629, -0.96088, 0.276479, -0.002831, 0.264842, -0.262492, -0.927877, -1.2e-05, 0.0, 0.0, 0.0, 1.0],
                [0.962723, 0.094345, 0.2535, 0.124994, 0.015823, -0.955235, 0.295419, -0.002831, 0.270024, -0.280396, -0.921121, -1.2e-05, 0.0, 0.0, 0.0, 1.0],
                [0.961128, 0.100572, 0.257132, 0.124994, 0.016155, -0.950185, 0.311262, -0.002831, 0.275628, -0.295009, -0.914877, -1.2e-05, 0.0, 0.0, 0.0, 1.0],
                [0.959389, 0.107005, 0.261002, 0.124994, 0.017246, -0.945776, 0.324355, -0.002831, 0.281557, -0.306681, -0.909215, -1.2e-05, 0.0, 0.0, 0.0, 1.0],
                [0.957531, 0.113548, 0.26503, 0.124994, 0.019001, -0.942041, 0.334956, -0.002831, 0.287703, -0.315694, -0.904193, -1.2e-05, 0.0, 0.0, 0.0, 1.0],
                [0.955584, 0.120029, 0.269169, 0.124994, 0.021265, -0.939008, 0.343234, -0.002831, 0.293951, -0.322264, -0.899855, -1.2e-05, 0.0, 0.0, 0.0, 1.0],
                [0.953582, 0.126202, 0.273411, 0.124994, 0.023825, -0.936714, 0.349279, -0.00283, 0.300188, -0.326551, -0.896242, -1.2e-05, 0.0, 0.0, 0.0, 1.0],
                [0.951565, 0.131749, 0.277785, 0.124994, 0.026414, -0.935219, 0.353078, -0.002831, 0.306308, -0.328639, -0.893404, -1.2e-05, 0.0, 0.0, 0.0, 1.0],
                [0.949576, 0.136286, 0.282369, 0.124994, 0.028725, -0.934616, 0.354495, -0.002831, 0.312219, -0.328508, -0.891404, -1.2e-05, 0.0, 0.0, 0.0, 1.0],
                [0.947655, 0.139359, 0.287277, 0.124994, 0.030421, -0.935037, 0.353239, -0.002831, 0.317842, -0.326009, -0.890334, -1.2e-05, 0.0, 0.0, 0.0, 1.0],
                [0.945874, 0.141322, 0.292147, 0.124994, 0.031757, -0.93619, 0.350053, -0.002831, 0.322976, -0.321828, -0.890007, -1.2e-05, 0.0, 0.0, 0.0, 1.0],
                [0.944308, 0.142788, 0.29647, 0.124994, 0.033157, -0.93765, 0.34599, -0.002831, 0.327389, -0.316891, -0.890167, -1.2e-05, 0.0, 0.0, 0.0, 1.0],
                [0.943, 0.143661, 0.300188, 0.124994, 0.034538, -0.939399, 0.341076, -0.002831, 0.330996, -0.311266, -0.890817, -1.2e-05, 0.0, 0.0, 0.0, 1.0],
                [0.941985, 0.143866, 0.30326, 0.124994, 0.035828, -0.941421, 0.335321, -0.002831, 0.333737, -0.305001, -0.891961, -1.2e-05, 0.0, 0.0, 0.0, 1.0],
                [0.941287, 0.143349, 0.305662, 0.124994, 0.036972, -0.9437, 0.328724, -0.002831, 0.335576, -0.298123, -0.893595, -1.2e-05, 0.0, 0.0, 0.0, 1.0],
                [0.940918, 0.142081, 0.307384, 0.124994, 0.037923, -0.946219, 0.321288, -0.002831, 0.336502, -0.290648, -0.895706, -1.2e-05, 0.0, 0.0, 0.0, 1.0],
                [0.940879, 0.140053, 0.308432, 0.124994, 0.03865, -0.948964, 0.313003, -0.002831, 0.336529, -0.282576, -0.898276, -1.2e-05, 0.0, 0.0, 0.0, 1.0],
                [0.941159, 0.137274, 0.308827, 0.124994, 0.039136, -0.951912, 0.303857, -0.002831, 0.335688, -0.273891, -0.901275, -1.2e-05, 0.0, 0.0, 0.0, 1.0],
                [0.941739, 0.133774, 0.308597, 0.124994, 0.039373, -0.955039, 0.293851, -0.002831, 0.334032, -0.26458, -0.904666, -1.2e-05, 0.0, 0.0, 0.0, 1.0],
                [0.94259, 0.129596, 0.307781, 0.124994, 0.039361, -0.958318, 0.282974, -0.002831, 0.331625, -0.254614, -0.908403, -1.2e-05, 0.0, 0.0, 0.0, 1.0],
                [0.943679, 0.124797, 0.306425, 0.124994, 0.039111, -0.961718, 0.271231, -0.002831, 0.328544, -0.24397, -0.912435, -1.2e-05, 0.0, 0.0, 0.0, 1.0],
                [0.944968, 0.11944, 0.304582, 0.124994, 0.038639, -0.965203, 0.258625, -0.00283, 0.324874, -0.232623, -0.916702, -1.2e-05, 0.0, 0.0, 0.0, 1.0],
                [0.946418, 0.113598, 0.302306, 0.124994, 0.037965, -0.968735, 0.245168, -0.002831, 0.320705, -0.220554, -0.921143, -1.2e-05, 0.0, 0.0, 0.0, 1.0],
                [0.947989, 0.107344, 0.299656, 0.124994, 0.037115, -0.972273, 0.230875, -0.002831, 0.316131, -0.207745, -0.925691, -1.2e-05, 0.0, 0.0, 0.0, 1.0],
                [0.949643, 0.100757, 0.296693, 0.124994, 0.036116, -0.975774, 0.215776, -0.002831, 0.311246, -0.194194, -0.930277, -1.2e-05, 0.0, 0.0, 0.0, 1.0],
                [0.951341, 0.093914, 0.293479, 0.124994, 0.034996, -0.97919, 0.199901, -0.002831, 0.306145, -0.179903, -0.934832, -1.2e-05, 0.0, 0.0, 0.0, 1.0],
                [0.95305, 0.08689, 0.290076, 0.124994, 0.033784, -0.982476, 0.183297, -0.002831, 0.30092, -0.164892, -0.939286, -1.2e-05, 0.0, 0.0, 0.0, 1.0],
                [0.95474, 0.079761, 0.286549, 0.124994, 0.032509, -0.985584, 0.166023, -0.002831, 0.29566, -0.149193, -0.943572, -1.2e-05, 0.0, 0.0, 0.0, 1.0],
                [0.95638, 0.072597, 0.282958, 0.124994, 0.031201, -0.988471, 0.148148, -0.002831, 0.290451, -0.132857, -0.947622, -1.2e-05, 0.0, 0.0, 0.0, 1.0],
                [0.95795, 0.065467, 0.279368, 0.124994, 0.029888, -0.991091, 0.129768, -0.002831, 0.285375, -0.115961, -0.951374, -1.2e-05, 0.0, 0.0, 0.0, 1.0],
                [0.959425, 0.058441, 0.27584, 0.124994, 0.028596, -0.993406, 0.111009, -0.002831, 0.280508, -0.098617, -0.954772, -1.2e-05, 0.0, 0.0, 0.0, 1.0],
                [0.960791, 0.051587, 0.272434, 0.124994, 0.027351, -0.99538, 0.092023, -0.002831, 0.275923, -0.080963, -0.957764, -1.2e-05, 0.0, 0.0, 0.0, 1.0],
                [0.96203, 0.044978, 0.269213, 0.124994, 0.026179, -0.996985, 0.073021, -0.002831, 0.271685, -0.0632, -0.960309, -1.2e-05, 0.0, 0.0, 0.0, 1.0],
                [0.963132, 0.0387, 0.266234, 0.124994, 0.025101, -0.998208, 0.054294, -0.002831, 0.267859, -0.04561, -0.962379, -1.2e-05, 0.0, 0.0, 0.0, 1.0],
                [0.964084, 0.032854, 0.263558, 0.124994, 0.024141, -0.99905, 0.036231, -0.002831, 0.264498, -0.028568, -0.963963, -1.2e-05, 0.0, 0.0, 0.0, 1.0],
                [0.964879, 0.027572, 0.261243, 0.124994, 0.023317, -0.999538, 0.019375, -0.002831, 0.261657, -0.012604, -0.965078, -1.2e-05, 0.0, 0.0, 0.0, 1.0],
                [0.965509, 0.023039, 0.259348, 0.124994, 0.022648, -0.999732, 0.004493, -0.00283, 0.259382, 0.001536, -0.965774, -1.2e-05, 0.0, 0.0, 0.0, 1.0],
                [0.965967, 0.019445, 0.257934, 0.124994, 0.022153, -0.999723, -0.007597, -0.002831, 0.257715, 0.013053, -0.966133, -1.2e-05, 0.0, 0.0, 0.0, 1.0],
                [0.966246, 0.017115, 0.257051, 0.124994, 0.021846, -0.999639, -0.015559, -0.002831, 0.256693, 0.020649, -0.966273, -1.2e-05, 0.0, 0.0, 0.0, 1.0],
                [0.96634, 0.016291, 0.25675, 0.124994, 0.02174, -0.999593, -0.018401, -0.002831, 0.256346, 0.023363, -0.966303, -1.2e-05, 0.0, 0.0, 0.0, 1.0]
            ]
        },
        {
            "name": "Leg_R",
            "time": [0.0, 0.0167, 0.0333, 0.05, 0.0667, 0.0833, 0.1, 0.1167, 0.1333, 0.15, 0.1667, 0.1833, 0.2, 0.2167, 0.2333, 0.25, 0.2667, 0.2833, 0.3, 0.3167, 0.3333, 0.35, 0.3667, 0.3833, 0.4, 0.4167, 0.4333, 0.45, 0.4667, 0.4833, 0.5, 0.5167, 0.5333, 0.55, 0.5667, 0.5833, 0.6, 0.6167, 0.6333, 0.65, 0.6667, 0.6833, 0.7, 0.7167, 0.7333, 0.75, 0.7667, 0.7833, 0.8, 0.8167, 0.8333, 0.85, 0.8667, 0.8833, 0.9, 0.9167, 0.9333, 0.95, 0.9667, 0.9833, 1.0, 1.0167, 1.0333, 1.05, 1.0667, 1.0833, 1.1, 1.1167, 1.1333, 1.15, 1.1667, 1.1833, 1.2, 1.2167, 1.2333, 1.25, 1.2667, 1.2833, 1.3, 1.3167, 1.3333, 1.35, 1.3667, 1.3833, 1.4, 1.4167, 1.4333, 1.45, 1.4667, 1.4833, 1.5],
            "transform": [
                [1.0, -0.0, 1e-06, -0.0, -0.0, 0.957085, 0.28982, 0.374726, -1e-06, -0.289822, 0.957076, -0.0, 0.0, 0.0, 0.0, 1.0],
                [1.0, -0.0, 1e-06, -0.0, -0.0, 0.957718, 0.287723, 0.374726, -1e-06, -0.287725, 0.957708, 0.0, 0.0, 0.0, 0.0, 1.0],
                [1.0, -0.0, 1e-06, -0.0, -0.0, 0.959406, 0.282046, 0.374726, -1e-06, -0.282047, 0.959396, 0.0, 0.0, 0.0, 0.0, 1.0],
                [1.0, -0.0, 1e-06, 0.0, -0.0, 0.961843, 0.273616, 0.374726, -1e-06, -0.273617, 0.961834, -0.0, 0.0, 0.0, 0.0, 1.0],
                [1.0, -0.0, 1e-06, 0.0, -0.0, 0.964737, 0.263233, 0.374726, -1e-06, -0.263235, 0.964727, 0.0, 0.0, 0.0, 0.0, 1.0],
                [1.000001, -0.0, 1e-06, -0.0, -0.0, 0.967841, 0.251579, 0.374726, -1e-06, -0.251581, 0.967833, -0.0, 0.0, 0.0, 0.0, 1.0],
                [1.0, -0.0, 1e-06, -0.0, -0.0, 0.970784, 0.239971, 0.374726, -1e-06, -0.239973, 0.970775, -0.0, 0.0, 0.0, 0.0, 1.0],
                [1.0, -0.0, 1e-06, 0.0, -0.0, 0.973311, 0.229509, 0.374726, -1e-06, -0.229511, 0.973301, -0.0, 0.0, 0.0, 0.0, 1.0],
                [1.000001, -0.0, 1e-06, -0.0, -0.0, 0.975112, 0.221735, 0.374726, -1e-06, -0.221736, 0.975102, -0.0, 0.0, 0.0, 0.0, 1.0],
                [1.0, -0.0, 1e-06, -0.0, -0.0, 0.978777, 0.20495, 0.374726, -1e-06, -0.204951, 0.978767, 0.0, 0.0, 0.0, 0.0, 1.0],
                [1.0, -0.0, 1e-06, -0.0, -0.0, 0.985494, 0.169738, 0.374726, -1e-06, -0.169739, 0.985485, 0.0, 0.0, 0.0, 0.0, 1.0],
                [1.0, -0.0, 1e-06, 0.0, -0.0, 0.992499, 0.122288, 0.374726, -1e-06, -0.122289, 0.992489, -0.0, 0.0, 0.0, 0.0, 1.0],
                [1.0, -0.0, 1e-06, 0.0, 0.0, 0.997065, 0.076617, 0.374726, -1e-06, -0.076618, 0.997055, 0.0, 0.0, 0.0, 0.0, 1.0],
                [1.0, -0.0, 1e-06, -0.0, 0.0, 0.997454, 0.071393, 0.374726, -1e-06, -0.071394, 0.997442, -0.0, 0.0, 0.0, 0.0, 1.0],
                [1.0, -0.0, 1e-06, -0.0, -0.0, 0.994076, 0.108737, 0.374726, -1e-06, -0.108738, 0.994065, 0.0, 0.0, 0.0, 0.0, 1.0],
                [1.0, -0.0, 1e-06, -0.0, -0.0, 0.989057, 0.147559, 0.374726, -1e-06, -0.14756, 0.989049, 0.0, 0.0, 0.0, 0.0, 1.0],
                [1.0, -0.0, 1e-06, -0.0, -0.0, 0.984971, 0.172747, 0.374726, -1e-06, -0.172748, 0.984961, -0.0, 0.0, 0.0, 0.0, 1.0],
                [1.000001, -0.0, 1e-06, -0.0, -0.0, 0.98345, 0.1812, 0.374726, -1e-06, -0.181201, 0.983441, -0.0, 0.0, 0.0, 0.0, 1.0],
                [1.0, -0.0, 1e-06, -0.0, -0.0, 0.98544, 0.170055, 0.374726, -1e-06, -0.170057, 0.985429, -0.0, 0.0, 0.0, 0.0, 1.0],
                [1.0, -0.0, 1e-06, 0.0, -0.0, 0.988408, 0.151854, 0.374726, -1e-06, -0.151855, 0.988397, 0.0, 0.0, 0.0, 0.0, 1.0],
                [1.0, -0.0, 1e-06, 0.0, -0.0, 0.989819, 0.142369, 0.374726, -1e-06, -0.14237, 0.989808, 0.0, 0.0, 0.0, 0.0, 1.0],
                [1.0, -0.0, 1e-06, 0.0, -0.0, 0.989927, 0.141617, 0.374726, -1e-06, -0.141618, 0.989915, -0.0, 0.0, 0.0, 0.0, 1.0],
                [1.0, -0.0, 1e-06, 0.0, -0.0, 0.989035, 0.14772, 0.374726, -1e-06, -0.147721, 0.989023, -0.0, 0.0, 0.0, 0.0, 1.0],
                [1.0, -0.0, 1e-06, 0.0, -0.0, 0.987513, 0.15757, 0.374726, -1e-06, -0.157571, 0.987502, -0.0, 0.0, 0.0, 0.0, 1.0],
                [1.0, -0.0, 1e-06, 0.0, -0.0, 0.985619, 0.169012, 0.374726, -1e-06, -0.169014, 0.985608, -0.0, 0.0, 0.0, 0.0, 1.0],
                [1.0, -0.0, 1e-06, -0.0, -0.0, 0.983642, 0.180164, 0.374726, -1e-06, -0.180165, 0.983631, -0.0, 0.0, 0.0, 0.0, 1.0],
                [1.0, -0.0, 1e-06, 0.0, -0.0, 0.981947, 0.189186, 0.374726, -1e-06, -0.189188, 0.981936, -0.0, 0.0, 0.0, 0.0, 1.0],
                [1.0, -0.0, 1e-06, 0.0, -0.0, 0.980795, 0.19507, 0.374726, -1e-06, -0.195072, 0.980783, 0.0, 0.0, 0.0, 0.0, 1.0],
                [1.0, -0.0, 1e-06, 0.0, -0.0, 0.980491, 0.196586, 0.374726, -1e-06, -0.196587, 0.980481, 0.0, 0.0, 0.0, 0.0, 1.0],
                [1.0, -0.0, 1e-06, -0.0, -0.0, 0.981341, 0.192299, 0.374726, -1e-06, -0.1923, 0.981331, 0.0, 0.0, 0.0, 0.0, 1.0],
                [1.0, -0.0, 1e-06, 0.0, -0.0, 0.983635, 0.180201, 0.374726, -1e-06, -0.180202, 0.983624, -0.0, 0.0, 0.0, 0.0, 1.0],
                [1.0, -0.0, 1e-06, 0.0, -0.0, 0.987436, 0.158048, 0.374726, -1e-06, -0.158049, 0.987426, -0.0, 0.0, 0.0, 0.0, 1.0],
                [1.0, -0.0, 1e-06, 0.0, -0.0, 0.992438, 0.122791, 0.374726, -1e-06, -0.122792, 0.992427, 0.0, 0.0, 0.0, 0.0, 1.0],
                [1.0, -0.0, 1e-06, 0.0, -0.0, 0.998626, 0.052484, 0.374726, -1e-06, -0.052485, 0.998618, 0.0, 0.0, 0.0, 0.0, 1.0],
                [1.000001, -0.0, 1e-06, -0.0, -0.0, 0.999994, 0.004681, 0.374726, -1e-06, -0.004682, 0.999984, -0.0, 0.0, 0.0, 0.0, 1.0],
                [1.0, 0.0, 1e-06, -0.0, 0.0, 0.999994, 0.004684, 0.374726, -1e-06, -0.004684, 0.999984, 0.0, 0.0, 0.0, 0.0, 1.0],
                [1.0, -0.0, 1e-06, -0.0, -0.0, 0.999994, 0.004686, 0.374726, -1e-06, -0.004686, 0.999984, -0.0, 0.0, 0.0, 0.0, 1.0],
                [1.0, -0.0, 1e-06, 0.0, 0.0, 0.999995, 0.004689, 0.374726, -1e-06, -0.004689, 0.999982, -0.0, 0.0, 0.0, 0.0, 1.0],
                [1.0, -0.0, 1e-06, 0.0, 0.0, 0.999995, 0.004692, 0.374726, -1e-06, -0.004692, 0.999983, 0.0, 0.0, 0.0, 0.0, 1.0],
                [1.0, -0.0, 1e-06, -0.0, -0.0, 0.999994, 0.004695, 0.374726, -1e-06, -0.004695, 0.999985, 0.0, 0.0, 0.0, 0.0, 1.0],
                [1.0, -0.0, 1e-06, 0.0, 0.0, 0.999994, 0.004698, 0.374726, -1e-06, -0.004698, 0.999983, 0.0, 0.0, 0.0, 0.0, 1.0],
                [1.0, -0.0, 1e-06, 0.0, -0.0, 0.999994, 0.0047, 0.374726, -1e-06, -0.0047, 0.999984, 0.0, 0.0, 0.0, 0.0, 1.0],
                [1.0, -0.0, 1e-06, -0.0, -0.0, 0.999994, 0.004699, 0.374726, -1e-06, -0.004699, 0.999983, -0.0, 0.0, 0.0, 0.0, 1.0],
                [1.0, -0.0, 1e-06, 0.0, 0.0, 0.999993, 0.004696, 0.374726, -1e-06, -0.004696, 0.999984, 0.0, 0.0, 0.0, 0.0, 1.0],
                [1.0, -0.0, 1e-06, -0.0, -0.0, 0.999994, 0.00469, 0.374726, -1e-06, -0.00469, 0.999983, 0.0, 0.0, 0.0, 0.0, 1.0],
                [1.0, 0.0, 1e-06, -0.0, 0.0, 0.999994, 0.004682, 0.374726, -1e-06, -0.004682, 0.999984, -0.0, 0.0, 0.0, 0.0, 1.0],
                [1.0, -0.0, 1e-06, -0.0, -0.0, 0.97362, 0.228194, 0.374726, -1e-06, -0.228196, 0.97361, 0.0, 0.0, 0.0, 0.0, 1.0],
                [1.0, -0.0, 1e-06, -0.0, -0.0, 0.935127, 0.354322, 0.374726, -1e-06, -0.354324, 0.935119, -0.0, 0.0, 0.0, 0.0, 1.0],
                [1.0, -0.0, 1e-06, -0.0, -0.0, 0.893377, 0.449317, 0.374726, -1e-06, -0.449319, 0.893368, 0.0, 0.0, 0.0, 0.0, 1.0],
                [1.000001, -0.0, 1e-06, -0.0, -0.0, 0.849495, 0.527602, 0.374726, -1e-06, -0.527606, 0.849486, -0.0, 0.0, 0.0, 0.0, 1.0],
                [1.000001, -1e-06, 1e-06, 0.0, -0.0, 0.804618, 0.593797, 0.374726, -1e-06, -0.593799, 0.80461, -0.0, 0.0, 0.0, 0.0, 1.0],
                [1.0, -0.0, 1e-06, -0.0, -0.0, 0.759798, 0.65016, 0.374726, -1e-06, -0.650163, 0.759793, 0.0, 0.0, 0.0, 0.0, 1.0],
                [1.000001, -1e-06, 1e-06, -0.0, -0.0, 0.716037, 0.698064, 0.374726, -1e-06, -0.698067, 0.716032, 0.0, 0.0, 0.0, 0.0, 1.0],
                [1.000001, -1e-06, 1e-06, -0.0, -0.0, 0.674273, 0.738484, 0.374726, -1e-06, -0.738487, 0.674267, 0.0, 0.0, 0.0, 0.0, 1.0],
                [1.0, -1e-06, 1e-06, -0.0, -0.0, 0.635395, 0.772187, 0.374726, -1e-06, -0.77219, 0.635391, -0.0, 0.0, 0.0, 0.0, 1.0],
                [1.0, -1e-06, 1e-06, -0.0, -0.0, 0.600251, 0.799812, 0.374726, -1e-06, -0.799815, 0.600246, 0.0, 0.0, 0.0, 0.0, 1.0],
                [1.000001, -1e-06, 1e-06, -0.0, -0.0, 0.569665, 0.821878, 0.374726, -1e-06, -0.82188, 0.569662, 0.0, 0.0, 0.0, 0.0, 1.0],
                [1.0, -1e-06, 1e-06, -0.0, -0.0, 0.544448, 0.838794, 0.374726, -1e-06, -0.838796, 0.544444, 0.0, 0.0, 0.0, 0.0, 1.0],
                [1.0, -1e-06, 1e-06, 0.0, -0.0, 0.525423, 0.850841, 0.374726, -1e-06, -0.850843, 0.525419, -0.0, 0.0, 0.0, 0.0, 1.0],
                [1.0, -1e-06, 1e-06, 0.0, -0.0, 0.513454, 0.858116, 0.374726, -1e-06, -0.858119, 0.513451, -0.0, 0.0, 0.0, 0.0, 1.0],
                [1.000001, -1e-06, 1e-06, -0.0, -0.0, 0.509471, 0.860488, 0.374726, -1e-06, -0.860491, 0.509468, -0.0, 0.0, 0.0, 0.0, 1.0],
                [1.000001, -1e-06, 1e-06, 0.0, -0.0, 0.511072, 0.859538, 0.374726, -1e-06, -0.859541, 0.51107, 0.0, 0.0, 0.0, 0.0, 1.0],
                [1.0, -1e-06, 1e-06, 0.0, -0.0, 0.515095, 0.857133, 0.374726, -1e-06, -0.857136, 0.515091, -0.0, 0.0, 0.0, 0.0, 1.0],
                [1.0, -1e-06, 1e-06, -0.0, -0.0, 0.521399, 0.853313, 0.374726, -1e-06, -0.853315, 0.521396, -0.0, 0.0, 0.0, 0.0, 1.0],
