{
    "animation": [
        {
            "name": "Root",
            "time": [0.0, 0.0167, 0.0333, 0.05, 0.0667, 0.0833, 0.1, 0.1167, 0.1333, 0.15, 0.1667, 0.1833, 0.2, 0.2167, 0.2333, 0.25, 0.2667, 0.2833, 0.3, 0.3167, 0.3333, 0.35, 0.3667, 0.3833, 0.4, 0.4167, 0.4333, 0.45, 0.4667, 0.4833, 0.5, 0.5167, 0.5333, 0.55, 0.5667, 0.5833, 0.6, 0.6167, 0.6333, 0.65, 0.6667, 0.6833, 0.7, 0.7167, 0.7333, 0.75, 0.7667, 0.7833, 0.8, 0.8167, 0.8333, 0.85, 0.8667, 0.8833, 0.9, 0.9167, 0.9333, 0.95, 0.9667, 0.9833, 1.0, 1.0167, 1.0333, 1.05, 1.0667, 1.0833, 1.1, 1.1167, 1.1333, 1.15, 1.1667, 1.1833, 1.2, 1.2167, 1.2333, 1.25, 1.2667, 1.2833, 1.3, 1.3167, 1.3333, 1.35, 1.3667, 1.3833, 1.4, 1.4167, 1.4333, 1.45, 1.4667, 1.4833, 1.5],
            "transform": [
                [0.178983, 0.004049, 0.983844, 0.031677, 0.907309, 0.386029, -0.166649, 0.187486, -0.380467, 0.922478, 0.065419, 0.86489, 0.0, 0.0, 0.0, 1.0],
                [0.178705, 0.004674, 0.983892, 0.031677, 0.907078, 0.386597, -0.16659, 0.187486, -0.381148, 0.922237, 0.064847, 0.86489, 0.0, 0.0, 0.0, 1.0],
                [0.177946, 0.006371, 0.98402, 0.031677, 0.906395, 0.388268, -0.166423, 0.187486, -0.383124, 0.921524, 0.063316, 0.86489, 0.0, 0.0, 0.0, 1.0],
                [0.17682, 0.008868, 0.984203, 0.031677, 0.90527, 0.390995, -0.166162, 0.187486, -0.386293, 0.92035, 0.061108, 0.86489, 0.0, 0.0, 0.0, 1.0],
                [0.175439, 0.011896, 0.984419, 0.031677, 0.90371, 0.394729, -0.165826, 0.187486, -0.390551, 0.918721, 0.0585, 0.86489, 0.0, 0.0, 0.0, 1.0],
                [0.173916, 0.015184, 0.984644, 0.031677, 0.90172, 0.399417, -0.165429, 0.187486, -0.395795, 0.916643, 0.055773, 0.86489, 0.0, 0.0, 0.0, 1.0],
                [0.172367, 0.018462, 0.98486, 0.031677, 0.899304, 0.405009, -0.164985, 0.187486, -0.401923, 0.914126, 0.053207, 0.86489, 0.0, 0.0, 0.0, 1.0],
                [0.17091, 0.021461, 0.985053, 0.031677, 0.896464, 0.41145, -0.164504, 0.187486, -0.40883, 0.91118, 0.051082, 0.86489, 0.0, 0.0, 0.0, 1.0],
                [0.169673, 0.023913, 0.98521, 0.031677, 0.893202, 0.418685, -0.163989, 0.187486, -0.416415, 0.907817, 0.04968, 0.86489, 0.0, 0.0, 0.0, 1.0],
                [0.168785, 0.025555, 0.985322, 0.031677, 0.889522, 0.42666, -0.16344, 0.187486, -0.424574, 0.904051, 0.049282, 0.86489, 0.0, 0.0, 0.0, 1.0],
                [0.168385, 0.026124, 0.985375, 0.031677, 0.885427, 0.435317, -0.162846, 0.187486, -0.433205, 0.899898, 0.05017, 0.86489, 0.0, 0.0, 0.0, 1.0],
                [0.168618, 0.025363, 0.985355, 0.031677, 0.880923, 0.444599, -0.162191, 0.187486, -0.442201, 0.895371, 0.052624, 0.86489, 0.0, 0.0, 0.0, 1.0],
                [0.169634, 0.02302, 0.985238, 0.031677, 0.876021, 0.454447, -0.161448, 0.187486, -0.451455, 0.890476, 0.056924, 0.86489, 0.0, 0.0, 0.0, 1.0],
                [0.171592, 0.018845, 0.984988, 0.031677, 0.870731, 0.464804, -0.16058, 0.187486, -0.460852, 0.885213, 0.063347, 0.86489, 0.0, 0.0, 0.0, 1.0],
                [0.174653, 0.0126, 0.98455, 0.031677, 0.865069, 0.475607, -0.159544, 0.187486, -0.470269, 0.879568, 0.072166, 0.86489, 0.0, 0.0, 0.0, 1.0],
                [0.178983, 0.004049, 0.983844, 0.031677, 0.859056, 0.486795, -0.158285, 0.187486, -0.479571, 0.873507, 0.08365, 0.86489, 0.0, 0.0, 0.0, 1.0],
                [0.215928, -0.004477, 0.976399, 0.027969, 0.845719, 0.500632, -0.184733, 0.187486, -0.48799, 0.865648, 0.111887, 0.855879, 0.0, 0.0, 0.0, 1.0],
                [0.308122, -0.009259, 0.951302, 0.017905, 0.815954, 0.516727, -0.259254, 0.187486, -0.489163, 0.8561, 0.16677, 0.834392, 0.0, 0.0, 0.0, 1.0],
                [0.440588, -0.008938, 0.897665, 0.003073, 0.763169, 0.530278, -0.369295, 0.187486, -0.472711, 0.847777, 0.240455, 0.808746, 0.0, 0.0, 0.0, 1.0],
                [0.592782, -0.004283, 0.805352, -0.014937, 0.681527, 0.535469, -0.498792, 0.187486, -0.429105, 0.844544, 0.320336, 0.787259, 0.0, 0.0, 0.0, 1.0],
                [0.739416, 0.000454, 0.673249, -0.034536, 0.572267, 0.526346, -0.628864, 0.187486, -0.354647, 0.85027, 0.388929, 0.778248, 0.0, 0.0, 0.0, 1.0],
                [0.857313, -0.000321, 0.514795, -0.054135, 0.446808, 0.497145, -0.743781, 0.187486, -0.255689, 0.867667, 0.426352, 0.78652, 0.0, 0.0, 0.0, 1.0],
                [0.934906, -0.01007, 0.354754, -0.072145, 0.320323, 0.454285, -0.831275, 0.187486, -0.152789, 0.890799, 0.42794, 0.806529, 0.0, 0.0, 0.0, 1.0],
                [0.975295, -0.026699, 0.219287, -0.086977, 0.210691, 0.410798, -0.887048, 0.187486, -0.066399, 0.911336, 0.406274, 0.831066, 0.0, 0.0, 0.0, 1.0],
                [0.990796, -0.042878, 0.128392, -0.097042, 0.135046, 0.377882, -0.915952, 0.187486, -0.009243, 0.92486, 0.380194, 0.852923, 0.0, 0.0, 0.0, 1.0],
                [0.994174, -0.049964, 0.095511, -0.10075, 0.107189, 0.36486, -0.924872, 0.187486, 0.011362, 0.929721, 0.36809, 0.86489, 0.0, 0.0, 0.0, 1.0],
                [0.994174, -0.049964, 0.095511, -0.10075, 0.107189, 0.364861, -0.924872, 0.187816, 0.011362, 0.929721, 0.36809, 0.869019, 0.0, 0.0, 0.0, 1.0],
                [0.994174, -0.049964, 0.095511, -0.10075, 0.107189, 0.364861, -0.924872, 0.188709, 0.011362, 0.929721, 0.36809, 0.872249, 0.0, 0.0, 0.0, 1.0],
                [0.994174, -0.049964, 0.095511, -0.10075, 0.107189, 0.364861, -0.924872, 0.190025, 0.011362, 0.929721, 0.36809, 0.874701, 0.0, 0.0, 0.0, 1.0],
                [0.994174, -0.049964, 0.095511, -0.10075, 0.107189, 0.364861, -0.924872, 0.191624, 0.011362, 0.929721, 0.36809, 0.876496, 0.0, 0.0, 0.0, 1.0],
                [0.994174, -0.049964, 0.095511, -0.10075, 0.107189, 0.364861, -0.924872, 0.193363, 0.011362, 0.929721, 0.36809, 0.877757, 0.0, 0.0, 0.0, 1.0],
                [0.994174, -0.049964, 0.095511, -0.10075, 0.107189, 0.364861, -0.924872, 0.195102, 0.011362, 0.929721, 0.36809, 0.878604, 0.0, 0.0, 0.0, 1.0],
                [0.994174, -0.049964, 0.095511, -0.10075, 0.107189, 0.364861, -0.924872, 0.196701, 0.011362, 0.929721, 0.36809, 0.879159, 0.0, 0.0, 0.0, 1.0],
                [0.994174, -0.049964, 0.095511, -0.10075, 0.107189, 0.364861, -0.924872, 0.198017, 0.011362, 0.929721, 0.36809, 0.879544, 0.0, 0.0, 0.0, 1.0],
                [0.994174, -0.049964, 0.095511, -0.10075, 0.107189, 0.364861, -0.924872, 0.19891, 0.011362, 0.929721, 0.36809, 0.879879, 0.0, 0.0, 0.0, 1.0],
                [0.994174, -0.049964, 0.095511, -0.10075, 0.107189, 0.36486, -0.924872, 0.19924, 0.011362, 0.929721, 0.36809, 0.880288, 0.0, 0.0, 0.0, 1.0],
                [0.993997, -0.049501, 0.097574, -0.100131, 0.108933, 0.364384, -0.924856, 0.199185, 0.010227, 0.929932, 0.367589, 0.880867, 0.0, 0.0, 0.0, 1.0],
                [0.993458, -0.048154, 0.103544, -0.098343, 0.113982, 0.362986, -0.924797, 0.199026, 0.006948, 0.930549, 0.3661, 0.881624, 0.0, 0.0, 0.0, 1.0],
                [0.992519, -0.045974, 0.113102, -0.095486, 0.122077, 0.360718, -0.924651, 0.198772, 0.001713, 0.931541, 0.363632, 0.88254, 0.0, 0.0, 0.0, 1.0],
                [0.991107, -0.043002, 0.125929, -0.091664, 0.132964, 0.357631, -0.924349, 0.198433, -0.005287, 0.932872, 0.360168, 0.883599, 0.0, 0.0, 0.0, 1.0],
                [0.989129, -0.03927, 0.141712, -0.086977, 0.146398, 0.353781, -0.9238, 0.198017, -0.013857, 0.934503, 0.355684, 0.884784, 0.0, 0.0, 0.0, 1.0],
                [0.986482, -0.034808, 0.160129, -0.081528, 0.162132, 0.349224, -0.922906, 0.197534, -0.023796, 0.936393, 0.350146, 0.886077, 0.0, 0.0, 0.0, 1.0],
                [0.983064, -0.029643, 0.180852, -0.075417, 0.179912, 0.344015, -0.921567, 0.196991, -0.034898, 0.938496, 0.343522, 0.887462, 0.0, 0.0, 0.0, 1.0],
                [0.978778, -0.023804, 0.203538, -0.068747, 0.199475, 0.338215, -0.919685, 0.196399, -0.046947, 0.940768, 0.335785, 0.888922, 0.0, 0.0, 0.0, 1.0],
                [0.973546, -0.017326, 0.227835, -0.061619, 0.220549, 0.331879, -0.917177, 0.195767, -0.059723, 0.943163, 0.32692, 0.890439, 0.0, 0.0, 0.0, 1.0],
                [0.967314, -0.010249, 0.253374, -0.054135, 0.242847, 0.325065, -0.913979, 0.195102, -0.072996, 0.945636, 0.316929, 0.891997, 0.0, 0.0, 0.0, 1.0],
                [0.960062, -0.002622, 0.279776, -0.046397, 0.26607, 0.31783, -0.91005, 0.194416, -0.086535, 0.948144, 0.305834, 0.893578, 0.0, 0.0, 0.0, 1.0],
                [0.951805, 0.005496, 0.306655, -0.038507, 0.289906, 0.310225, -0.905381, 0.193715, -0.100108, 0.950647, 0.293681, 0.895165, 0.0, 0.0, 0.0, 1.0],
                [0.942605, 0.014034, 0.333616, -0.030566, 0.314035, 0.3023, -0.899998, 0.193011, -0.113482, 0.95311, 0.280542, 0.896741, 0.0, 0.0, 0.0, 1.0],
                [0.932568, 0.02291, 0.360267, -0.022675, 0.33813, 0.294095, -0.893966, 0.19231, -0.126434, 0.955501, 0.266517, 0.898289, 0.0, 0.0, 0.0, 1.0],
                [0.921849, 0.03203, 0.386223, -0.014937, 0.361861, 0.285648, -0.88739, 0.191624, -0.138747, 0.957799, 0.251734, 0.899792, 0.0, 0.0, 0.0, 1.0],
                [0.910652, 0.041286, 0.411107, -0.007453, 0.3849, 0.276985, -0.880416, 0.190959, -0.15022, 0.959987, 0.236346, 0.901233, 0.0, 0.0, 0.0, 1.0],
                [0.899222, 0.050562, 0.434562, -0.000326, 0.406923, 0.268124, -0.873226, 0.190327, -0.160669, 0.962057, 0.220528, 0.902595, 0.0, 0.0, 0.0, 1.0],
                [0.887846, 0.059727, 0.456248, 0.006344, 0.427614, 0.259074, -0.866041, 0.189735, -0.169928, 0.964009, 0.204477, 0.903861, 0.0, 0.0, 0.0, 1.0],
                [0.876843, 0.068644, 0.475851, 0.012455, 0.446669, 0.249833, -0.85911, 0.189192, -0.177856, 0.965853, 0.188404, 0.905013, 0.0, 0.0, 0.0, 1.0],
                [0.866557, 0.077161, 0.493076, 0.017905, 0.46379, 0.240391, -0.852708, 0.188709, -0.184328, 0.967604, 0.172526, 0.906035, 0.0, 0.0, 0.0, 1.0],
                [0.857346, 0.085123, 0.507653, 0.022592, 0.478691, 0.230731, -0.847124, 0.188293, -0.189241, 0.969287, 0.157068, 0.906909, 0.0, 0.0, 0.0, 1.0],
                [0.849572, 0.092363, 0.519324, 0.026414, 0.491088, 0.220827, -0.842655, 0.187954, -0.192511, 0.97093, 0.14225, 0.907619, 0.0, 0.0, 0.0, 1.0],
                [0.843587, 0.098704, 0.527843, 0.02927, 0.5007, 0.210654, -0.839598, 0.1877, -0.194064, 0.972565, 0.128284, 0.908147, 0.0, 0.0, 0.0, 1.0],
                [0.839725, 0.103962, 0.532967, 0.031058, 0.507237, 0.200186, -0.838234, 0.187541, -0.193838, 0.974226, 0.115368, 0.908476, 0.0, 0.0, 0.0, 1.0],
                [0.838283, 0.107943, 0.534444, 0.031677, 0.510398, 0.189406, -0.83882, 0.187486, -0.191771, 0.975948, 0.103682, 0.90859, 0.0, 0.0, 0.0, 1.0],
                [0.839346, 0.110917, 0.532162, 0.031677, 0.509944, 0.178445, -0.841496, 0.187486, -0.188298, 0.977678, 0.093216, 0.90845, 0.0, 0.0, 0.0, 1.0],
                [0.842692, 0.113267, 0.526346, 0.031677, 0.505985, 0.167458, -0.84613, 0.187486, -0.183979, 0.979351, 0.083804, 0.908041, 0.0, 0.0, 0.0, 1.0],
                [0.848095, 0.114956, 0.517224, 0.031677, 0.498716, 0.156471, -0.852525, 0.187486, -0.178934, 0.98097, 0.075371, 0.907384, 0.0, 0.0, 0.0, 1.0],
                [0.855291, 0.115961, 0.505005, 0.031677, 0.48832, 0.145517, -0.860447, 0.187486, -0.173265, 0.982536, 0.067834, 0.906497, 0.0, 0.0, 0.0, 1.0],
                [0.863994, 0.116262, 0.489895, 0.031677, 0.474977, 0.13464, -0.869637, 0.187486, -0.167065, 0.984051, 0.061106, 0.9054, 0.0, 0.0, 0.0, 1.0],
                [0.873902, 0.115852, 0.472095, 0.031677, 0.458871, 0.123886, -0.879824, 0.187486, -0.160415, 0.98551, 0.055103, 0.904111, 0.0, 0.0, 0.0, 1.0],
                [0.884702, 0.114734, 0.451817, 0.031677, 0.440197, 0.113311, -0.890723, 0.187486, -0.153392, 0.986913, 0.049741, 0.90265, 0.0, 0.0, 0.0, 1.0],
                [0.896085, 0.11292, 0.429279, 0.031677, 0.419162, 0.102971, -0.902053, 0.187486, -0.146063, 0.988254, 0.044939, 0.901036, 0.0, 0.0, 0.0, 1.0],
                [0.907749, 0.110436, 0.404716, 0.031677, 0.395992, 0.092926, -0.91354, 0.187486, -0.138497, 0.989529, 0.040622, 0.899288, 0.0, 0.0, 0.0, 1.0],
                [0.919408, 0.107318, 0.378381, 0.031677, 0.370934, 0.083235, -0.924921, 0.187486, -0.130755, 0.990734, 0.036719, 0.897425, 0.0, 0.0, 0.0, 1.0],
                [0.930798, 0.103611, 0.350542, 0.031677, 0.344254, 0.073954, -0.935959, 0.187486, -0.122899, 0.991865, 0.033168, 0.895466, 0.0, 0.0, 0.0, 1.0],
                [0.941685, 0.099373, 0.321487, 0.031677, 0.316237, 0.065135, -0.946442, 0.187486, -0.11499, 0.992916, 0.029911, 0.893431, 0.0, 0.0, 0.0, 1.0],
                [0.95187, 0.09467, 0.291514, 0.031677, 0.287185, 0.056825, -0.956188, 0.187486, -0.107088, 0.993886, 0.026903, 0.891338, 0.0, 0.0, 0.0, 1.0],
                [0.961191, 0.089577, 0.260936, 0.031677, 0.257413, 0.049064, -0.965055, 0.187486, -0.099249, 0.994771, 0.024101, 0.889207, 0.0, 0.0, 0.0, 1.0],
                [0.969526, 0.084173, 0.230073, 0.031677, 0.227246, 0.04188, -0.972936, 0.187486, -0.091531, 0.995571, 0.021476, 0.887057, 0.0, 0.0, 0.0, 1.0],
                [0.976797, 0.078545, 0.199244, 0.031677, 0.197012, 0.035295, -0.979766, 0.187486, -0.083988, 0.996285, 0.019002, 0.884907, 0.0, 0.0, 0.0, 1.0],
                [0.982965, 0.07278, 0.16877, 0.031677, 0.167037, 0.02932, -0.985515, 0.187486, -0.076674, 0.996917, 0.016664, 0.882776, 0.0, 0.0, 0.0, 1.0],
                [0.988031, 0.066968, 0.138962, 0.031677, 0.137642, 0.023956, -0.990192, 0.187486, -0.06964, 0.997468, 0.014451, 0.880684, 0.0, 0.0, 0.0, 1.0],
                [0.992032, 0.061197, 0.110124, 0.031677, 0.10914, 0.019194, -0.993841, 0.187486, -0.062934, 0.997941, 0.012362, 0.878648, 0.0, 0.0, 0.0, 1.0],
                [0.995038, 0.055553, 0.082544, 0.031677, 0.08183, 0.015018, -0.996533, 0.187486, -0.056601, 0.998343, 0.010398, 0.87669, 0.0, 0.0, 0.0, 1.0],
                [0.997144, 0.050122, 0.056498, 0.031677, 0.055994, 0.011404, -0.998366, 0.187486, -0.050684, 0.998678, 0.008565, 0.874827, 0.0, 0.0, 0.0, 1.0],
                [0.998467, 0.044981, 0.032245, 0.031677, 0.031902, 0.008322, -0.999456, 0.187486, -0.045225, 0.998953, 0.006874, 0.873079, 0.0, 0.0, 0.0, 1.0],
                [0.999141, 0.040207, 0.010029, 0.031677, 0.009806, 0.005737, -0.999935, 0.187486, -0.040262, 0.999175, 0.005338, 0.871464, 0.0, 0.0, 0.0, 1.0],
                [0.999307, 0.035872, -0.009921, 0.031677, -0.010057, 0.003611, -0.999943, 0.187486, -0.035834, 0.99935, 0.003969, 0.870003, 0.0, 0.0, 0.0, 1.0],
                [0.999111, 0.032041, -0.027384, 0.031677, -0.027459, 0.001904, -0.999621, 0.187486, -0.031977, 0.999485, 0.002783, 0.868715, 0.0, 0.0, 0.0, 1.0],
                [0.998697, 0.028778, -0.042149, 0.031677, -0.042183, 0.000579, -0.99911, 0.187486, -0.028728, 0.999586, 0.001793, 0.867617, 0.0, 0.0, 0.0, 1.0],
                [0.998198, 0.026142, -0.054008, 0.031677, -0.054016, -0.000401, -0.99854, 0.187486, -0.026125, 0.999658, 0.001012, 0.866731, 0.0, 0.0, 0.0, 1.0],
                [0.997736, 0.02419, -0.062752, 0.031677, -0.062745, -0.001071, -0.998029, 0.187486, -0.02421, 0.999707, 0.000449, 0.866073, 0.0, 0.0, 0.0, 1.0],
                [0.997409, 0.022979, -0.068167, 0.031677, -0.068151, -0.001458, -0.997674, 0.187486, -0.023025, 0.999735, 0.000112, 0.865665, 0.0, 0.0, 0.0, 1.0],
                [0.99729, 0.022563, -0.070025, 0.031677, -0.070007, -0.001584, -0.997545, 0.187486, -0.022618, 0.999744, 0.0, 0.865525, 0.0, 0.0, 0.0, 1.0]
            ]
        },
        {
            "name": "Thigh_R",
            "time": [0.0, 0.0167, 0.0333, 0.05, 0.0667, 0.0833, 0.1, 0.1167, 0.1333, 0.15, 0.1667, 0.1833, 0.2, 0.2167, 0.2333, 0.25, 0.2667, 0.2833, 0.3, 0.3167, 0.3333, 0.35, 0.3667, 0.3833, 0.4, 0.4167, 0.4333, 0.45, 0.4667, 0.4833, 0.5, 0.5167, 0.5333, 0.55, 0.5667, 0.5833, 0.6, 0.6167, 0.6333, 0.65, 0.6667, 0.6833, 0.7, 0.7167, 0.7333, 0.75, 0.7667, 0.7833, 0.8, 0.8167, 0.8333, 0.85, 0.8667, 0.8833, 0.9, 0.9167, 0.9333, 0.95, 0.9667, 0.9833, 1.0, 1.0167, 1.0333, 1.05, 1.0667, 1.0833, 1.1, 1.1167, 1.1333, 1.15, 1.1667, 1.1833, 1.2, 1.2167, 1.2333, 1.25, 1.2667, 1.2833, 1.3, 1.3167, 1.3333, 1.35, 1.3667, 1.3833, 1.4, 1.4167, 1.4333, 1.45, 1.4667, 1.4833, 1.5],
            "transform": [
                [0.964467, 0.089037, 0.248749, 0.124994, 0.061771, -0.991399, 0.115359, -0.002831, 0.256881, -0.095894, -0.961674, -1.2e-05, 0.0, 0.0, 0.0, 1.0],
                [0.964562, 0.09155, 0.24746, 0.124994, 0.060904, -0.989798, 0.12879, -0.002831, 0.256727, -0.109154, -0.9603, -1.2e-05, 0.0, 0.0, 0.0, 1.0],
                [0.964816, 0.097321, 0.244251, 0.124994, 0.058437, -0.985109, 0.161682, -0.002831, 0.256349, -0.14172, -0.956138, -1.2e-05, 0.0, 0.0, 0.0, 1.0],
                [0.965179, 0.103892, 0.240073, 0.124994, 0.054553, -0.977511, 0.203699, -0.002831, 0.255837, -0.183509, -0.949143, -1.2e-05, 0.0, 0.0, 0.0, 1.0],
                [0.965614, 0.110168, 0.235484, 0.124994, 0.049405, -0.967029, 0.249824, -0.002831, 0.255243, -0.229599, -0.939221, -1.2e-05, 0.0, 0.0, 0.0, 1.0],
                [0.966083, 0.115784, 0.230819, 0.124994, 0.043125, -0.953631, 0.297867, -0.002831, 0.254605, -0.27781, -0.926283, -1.2e-05, 0.0, 0.0, 0.0, 1.0],
                [0.966549, 0.120657, 0.226328, 0.124994, 0.03583, -0.937301, 0.346669, -0.002831, 0.253966, -0.326963, -0.910272, -1.2e-05, 0.0, 0.0, 0.0, 1.0],
                [0.96697, 0.124848, 0.222219, 0.124994, 0.027621, -0.918017, 0.395576, -0.002831, 0.253388, -0.376371, -0.891145, -1.2e-05, 0.0, 0.0, 0.0, 1.0],
                [0.967298, 0.128499, 0.218681, 0.124994, 0.018588, -0.895762, 0.444141, -0.002831, 0.252959, -0.425551, -0.86886, -1.2e-05, 0.0, 0.0, 0.0, 1.0],
                [0.967476, 0.131814, 0.215904, 0.124994, 0.008806, -0.870537, 0.492022, -0.002831, 0.252807, -0.474117, -0.843387, -1.2e-05, 0.0, 0.0, 0.0, 1.0],
                [0.967438, 0.135048, 0.214069, 0.124994, -0.001658, -0.84236, 0.53891, -0.002831, 0.253103, -0.521716, -0.81471, -1.2e-05, 0.0, 0.0, 0.0, 1.0],
                [0.967105, 0.138514, 0.213356, 0.124994, -0.012753, -0.811285, 0.58451, -0.002831, 0.254056, -0.568003, -0.782834, -1.2e-05, 0.0, 0.0, 0.0, 1.0],
                [0.966389, 0.142578, 0.213925, 0.124994, -0.024434, -0.777413, 0.628515, -0.002831, 0.255921, -0.612615, -0.747801, -1.2e-05, 0.0, 0.0, 0.0, 1.0],
                [0.965184, 0.147664, 0.215905, 0.124994, -0.036652, -0.740921, 0.670591, -0.002831, 0.258991, -0.655155, -0.709714, -1.2e-05, 0.0, 0.0, 0.0, 1.0],
                [0.963371, 0.154249, 0.219368, 0.124994, -0.049343, -0.702089, 0.710375, -0.002831, 0.263592, -0.695178, -0.668764, -1.2e-05, 0.0, 0.0, 0.0, 1.0],
                [0.960815, 0.162864, 0.2243, 0.124994, -0.062395, -0.661344, 0.747483, -0.002831, 0.270078, -0.732186, -0.625269, -1.2e-05, 0.0, 0.0, 0.0, 1.0],
                [0.961052, 0.163745, 0.222634, 0.124994, -0.079929, -0.606462, 0.791083, -0.002831, 0.264556, -0.778066, -0.569755, -1.2e-05, 0.0, 0.0, 0.0, 1.0],
                [0.965068, 0.147488, 0.21654, 0.124994, -0.105361, -0.538244, 0.836177, -0.002831, 0.239878, -0.829781, -0.503904, -1.2e-05, 0.0, 0.0, 0.0, 1.0],
                [0.967831, 0.124717, 0.218515, 0.124994, -0.134755, -0.476478, 0.868798, -0.002831, 0.212471, -0.870293, -0.444345, -1.2e-05, 0.0, 0.0, 0.0, 1.0],
                [0.965282, 0.119372, 0.232339, 0.124994, -0.159031, -0.437051, 0.885266, -0.002831, 0.20722, -0.891478, -0.402894, -1.2e-05, 0.0, 0.0, 0.0, 1.0],
                [0.955397, 0.155205, 0.251253, 0.124994, -0.165018, -0.425005, 0.890023, -0.002831, 0.24492, -0.891784, -0.380438, -1.2e-05, 0.0, 0.0, 0.0, 1.0],
                [0.939366, 0.219482, 0.263472, 0.124994, -0.14885, -0.431189, 0.889899, -0.002831, 0.308923, -0.875157, -0.372375, -1.2e-05, 0.0, 0.0, 0.0, 1.0],
                [0.927801, 0.266426, 0.261155, 0.124994, -0.124539, -0.438671, 0.889976, -0.002831, 0.351674, -0.858243, -0.37382, -1.2e-05, 0.0, 0.0, 0.0, 1.0],
                [0.926528, 0.280349, 0.250897, 0.124994, -0.10589, -0.4456, 0.888947, -0.002831, 0.361016, -0.850201, -0.383175, -1.2e-05, 0.0, 0.0, 0.0, 1.0],
                [0.930206, 0.276046, 0.241896, 0.124994, -0.095907, -0.453346, 0.88616, -0.002831, 0.354284, -0.847509, -0.395232, -1.2e-05, 0.0, 0.0, 0.0, 1.0],
                [0.93236, 0.272591, 0.237482, 0.124994, -0.092464, -0.455237, 0.885557, -0.002831, 0.349505, -0.847615, -0.399241, -1.2e-05, 0.0, 0.0, 0.0, 1.0],
                [0.9324, 0.273306, 0.236501, 0.124994, -0.092371, -0.452424, 0.887006, -0.002831, 0.349423, -0.848889, -0.396596, -1.2e-05, 0.0, 0.0, 0.0, 1.0],
                [0.93237, 0.272541, 0.237505, 0.124994, -0.093585, -0.452623, 0.886778, -0.00283, 0.349183, -0.84903, -0.396507, -1.2e-05, 0.0, 0.0, 0.0, 1.0],
                [0.932271, 0.270424, 0.240291, 0.124994, -0.096083, -0.455277, 0.88515, -0.002831, 0.348765, -0.848287, -0.39846, -1.2e-05, 0.0, 0.0, 0.0, 1.0],
                [0.93211, 0.267076, 0.244623, 0.124994, -0.099818, -0.459828, 0.882381, -0.002831, 0.348148, -0.846892, -0.401952, -1.2e-05, 0.0, 0.0, 0.0, 1.0],
                [0.931884, 0.262616, 0.250246, 0.124994, -0.104723, -0.465716, 0.878716, -0.002831, 0.347309, -0.845067, -0.406492, -1.2e-05, 0.0, 0.0, 0.0, 1.0],
                [0.931599, 0.257423, 0.256624, 0.124994, -0.110531, -0.471948, 0.874671, -0.002831, 0.346274, -0.843205, -0.411214, -1.2e-05, 0.0, 0.0, 0.0, 1.0],
                [0.93128, 0.252208, 0.262885, 0.124994, -0.116474, -0.477601, 0.870822, -0.00283, 0.345183, -0.841597, -0.415405, -1.2e-05, 0.0, 0.0, 0.0, 1.0],
                [0.930973, 0.247614, 0.268284, 0.124994, -0.121736, -0.48225, 0.867535, -0.00283, 0.344194, -0.84031, -0.418818, -1.2e-05, 0.0, 0.0, 0.0, 1.0],
                [0.93074, 0.244311, 0.272094, 0.124994, -0.1255, -0.485474, 0.865197, -0.002831, 0.343472, -0.839419, -0.42119, -1.2e-05, 0.0, 0.0, 0.0, 1.0],
                [0.930649, 0.242978, 0.273596, 0.124994, -0.126951, -0.486858, 0.864207, -0.002831, 0.343186, -0.839004, -0.422249, -1.2e-05, 0.0, 0.0, 0.0, 1.0],
                [0.930088, 0.24338, 0.275139, 0.124994, -0.127673, -0.488134, 0.86338, -0.002831, 0.344434, -0.838146, -0.422935, -1.2e-05, 0.0, 0.0, 0.0, 1.0],
                [0.92845, 0.244778, 0.279401, 0.124994, -0.129695, -0.491217, 0.861328, -0.002831, 0.348081, -0.835934, -0.424324, -1.2e-05, 0.0, 0.0, 0.0, 1.0],
                [0.925779, 0.247093, 0.286144, 0.124994, -0.132859, -0.495959, 0.858122, -0.002831, 0.353952, -0.832446, -0.426321, -1.2e-05, 0.0, 0.0, 0.0, 1.0],
                [0.922104, 0.250242, 0.295133, 0.124994, -0.136991, -0.502203, 0.85383, -0.002831, 0.361881, -0.827749, -0.428803, -1.2e-05, 0.0, 0.0, 0.0, 1.0],
                [0.917439, 0.254144, 0.306131, 0.124994, -0.141913, -0.509788, 0.848514, -0.002831, 0.371707, -0.821902, -0.431633, -1.2e-05, 0.0, 0.0, 0.0, 1.0],
                [0.911792, 0.25872, 0.318902, 0.124994, -0.147439, -0.518545, 0.842242, -0.002831, 0.383271, -0.814967, -0.434661, -1.2e-05, 0.0, 0.0, 0.0, 1.0],
                [0.905173, 0.263889, 0.333204, 0.124994, -0.153382, -0.528309, 0.835083, -0.00283, 0.396404, -0.807, -0.437736, -1.2e-05, 0.0, 0.0, 0.0, 1.0],
                [0.897593, 0.269573, 0.348792, 0.124994, -0.159553, -0.538911, 0.827113, -0.002831, 0.410936, -0.798061, -0.440713, -1.2e-05, 0.0, 0.0, 0.0, 1.0],
                [0.889079, 0.275691, 0.36542, 0.124994, -0.16577, -0.550191, 0.81842, -0.002831, 0.426682, -0.788214, -0.443463, -1.2e-05, 0.0, 0.0, 0.0, 1.0],
                [0.879669, 0.282165, 0.382837, 0.124994, -0.171856, -0.56199, 0.809093, -0.002831, 0.443449, -0.777526, -0.445875, -1.2e-05, 0.0, 0.0, 0.0, 1.0],
                [0.871707, 0.288356, 0.396206, 0.124994, -0.173558, -0.574446, 0.799931, -0.002831, 0.458264, -0.766068, -0.450702, -1.2e-05, 0.0, 0.0, 0.0, 1.0],
                [0.86747, 0.293644, 0.401583, 0.124994, -0.16742, -0.587822, 0.791477, -0.002831, 0.468472, -0.753813, -0.460757, -1.2e-05, 0.0, 0.0, 0.0, 1.0],
                [0.866894, 0.297477, 0.400002, 0.124994, -0.154621, -0.602386, 0.783086, -0.002831, 0.473906, -0.7407, -0.476209, -1.2e-05, 0.0, 0.0, 0.0, 1.0],
                [0.869873, 0.298922, 0.392385, 0.124994, -0.136474, -0.618573, 0.773783, -0.002831, 0.47402, -0.726642, -0.497287, -1.2e-05, 0.0, 0.0, 0.0, 1.0],
                [0.876226, 0.296983, 0.379512, 0.124994, -0.11436, -0.636885, 0.762429, -0.002831, 0.468134, -0.711459, -0.524093, -1.2e-05, 0.0, 0.0, 0.0, 1.0],
                [0.885622, 0.290878, 0.362026, 0.124994, -0.089676, -0.657762, 0.747867, -0.002831, 0.455666, -0.694792, -0.556445, -1.2e-05, 0.0, 0.0, 0.0, 1.0],
                [0.89751, 0.280244, 0.340498, 0.124994, -0.063804, -0.681469, 0.72906, -0.002831, 0.436354, -0.676062, -0.593746, -1.2e-05, 0.0, 0.0, 0.0, 1.0],
                [0.911072, 0.265287, 0.315546, 0.124994, -0.03809, -0.707985, 0.705199, -0.002831, 0.410483, -0.654505, -0.634922, -1.2e-05, 0.0, 0.0, 0.0, 1.0],
                [0.925263, 0.246838, 0.288028, 0.124994, -0.013796, -0.736912, 0.675847, -0.002831, 0.379076, -0.629309, -0.678433, -1.2e-05, 0.0, 0.0, 0.0, 1.0],
                [0.938937, 0.226277, 0.259223, 0.124994, 0.00797, -0.767456, 0.641051, -0.002831, 0.343998, -0.599839, -0.722397, -1.2e-05, 0.0, 0.0, 0.0, 1.0],
                [0.95105, 0.20534, 0.230955, 0.124994, 0.026348, -0.798488, 0.601432, -0.002831, 0.307913, -0.565905, -0.764813, -1.2e-05, 0.0, 0.0, 0.0, 1.0],
                [0.960844, 0.185791, 0.205572, 0.124994, 0.040808, -0.82869, 0.558217, -0.002831, 0.274067, -0.527969, -0.803825, -1.2e-05, 0.0, 0.0, 0.0, 1.0],
                [0.96793, 0.169096, 0.185793, 0.124994, 0.051172, -0.856759, 0.513172, -0.002831, 0.245955, -0.487206, -0.837936, -1.2e-05, 0.0, 0.0, 0.0, 1.0],
                [0.972193, 0.156201, 0.174474, 0.124994, 0.057561, -0.881578, 0.468514, -0.002831, 0.226995, -0.445442, -0.866057, -1.2e-05, 0.0, 0.0, 0.0, 1.0],
                [0.973575, 0.147473, 0.174363, 0.124994, 0.060257, -0.902358, 0.42675, -0.002831, 0.220272, -0.404965, -0.887402, -1.2e-05, 0.0, 0.0, 0.0, 1.0],
                [0.973308, 0.140896, 0.181165, 0.124994, 0.060977, -0.919756, 0.387721, -0.002831, 0.221256, -0.366324, -0.903799, -1.2e-05, 0.0, 0.0, 0.0, 1.0],
                [0.972769, 0.134409, 0.188825, 0.124994, 0.061317, -0.934893, 0.34959, -0.002831, 0.223519, -0.328491, -0.917678, -1.2e-05, 0.0, 0.0, 0.0, 1.0],
                [0.971976, 0.127935, 0.19722, 0.124994, 0.06137, -0.947942, 0.312467, -0.002831, 0.226929, -0.291606, -0.92923, -1.2e-05, 0.0, 0.0, 0.0, 1.0],
                [0.970947, 0.121402, 0.20621, 0.124994, 0.061209, -0.959079, 0.276437, -0.002831, 0.231332, -0.255784, -0.938648, -1.2e-05, 0.0, 0.0, 0.0, 1.0],
                [0.969709, 0.114745, 0.215631, 0.124994, 0.060881, -0.96847, 0.241573, -0.002831, 0.236551, -0.221127, -0.946122, -1.2e-05, 0.0, 0.0, 0.0, 1.0],
                [0.968297, 0.107904, 0.225295, 0.124994, 0.060414, -0.976275, 0.207929, -0.002831, 0.242387, -0.187726, -0.951845, -1.2e-05, 0.0, 0.0, 0.0, 1.0],
                [0.966752, 0.100837, 0.234997, 0.124994, 0.059822, -0.982649, 0.175554, -0.002831, 0.248622, -0.155659, -0.956012, -1.2e-05, 0.0, 0.0, 0.0, 1.0],
                [0.965126, 0.093521, 0.24451, 0.124994, 0.059105, -0.987737, 0.144498, -0.002831, 0.255026, -0.125007, -0.95882, -1.2e-05, 0.0, 0.0, 0.0, 1.0],
                [0.963481, 0.085957, 0.253605, 0.124994, 0.058254, -0.991677, 0.114807, -0.002831, 0.261362, -0.095841, -0.960471, -1.2e-05, 0.0, 0.0, 0.0, 1.0],
                [0.961882, 0.078175, 0.26205, 0.124994, 0.057255, -0.994599, 0.086552, -0.002831, 0.267401, -0.068249, -0.961166, -1.2e-05, 0.0, 0.0, 0.0, 1.0],
                [0.960398, 0.070236, 0.269634, 0.124994, 0.056092, -0.99663, 0.059818, -0.002831, 0.272927, -0.042325, -0.961104, -1.2e-05, 0.0, 0.0, 0.0, 1.0],
                [0.959091, 0.062231, 0.276174, 0.124994, 0.054752, -0.997895, 0.034717, -0.002831, 0.277753, -0.018175, -0.960481, -1.2e-05, 0.0, 0.0, 0.0, 1.0],
                [0.958017, 0.054299, 0.281524, 0.124994, 0.053224, -0.998515, 0.01147, -0.002831, 0.281729, 0.003996, -0.959486, -1.2e-05, 0.0, 0.0, 0.0, 1.0],
                [0.957217, 0.04656, 0.2856, 0.124994, 0.051507, -0.998622, -0.009831, -0.002831, 0.284749, 0.024121, -0.958299, -1.2e-05, 0.0, 0.0, 0.0, 1.0],
                [0.956719, 0.03924, 0.288355, 0.124994, 0.049605, -0.998354, -0.028724, -0.002831, 0.286753, 0.041784, -0.957094, -1.2e-05, 0.0, 0.0, 0.0, 1.0],
                [0.956532, 0.032583, 0.289803, 0.124994, 0.047532, -0.997868, -0.044694, -0.002831, 0.287729, 0.056526, -0.956043, -1.2e-05, 0.0, 0.0, 0.0, 1.0],
                [0.956645, 0.026791, 0.29002, 0.124994, 0.04531, -0.997325, -0.057329, -0.002831, 0.287709, 0.067984, -0.955302, -1.2e-05, 0.0, 0.0, 0.0, 1.0],
                [0.957037, 0.022144, 0.28912, 0.124994, 0.042969, -0.9969, -0.065879, -0.002831, 0.286765, 0.075472, -0.955024, -1.2e-05, 0.0, 0.0, 0.0, 1.0],
                [0.957668, 0.018709, 0.287266, 0.124994, 0.040545, -0.996703, -0.070251, -0.002831, 0.285005, 0.078924, -0.955271, -1.2e-05, 0.0, 0.0, 0.0, 1.0],
                [0.958493, 0.0165, 0.284637, 0.124994, 0.03808, -0.996787, -0.070448, -0.002831, 0.28256, 0.078363, -0.956044, -1.2e-05, 0.0, 0.0, 0.0, 1.0],
                [0.95946, 0.015304, 0.281429, 0.124994, 0.035619, -0.997101, -0.067211, -0.002831, 0.279585, 0.07451, -0.957226, -1.2e-05, 0.0, 0.0, 0.0, 1.0],
                [0.960513, 0.014783, 0.277841, 0.124994, 0.03321, -0.997539, -0.061733, -0.002831, 0.276245, 0.068522, -0.958642, -1.2e-05, 0.0, 0.0, 0.0, 1.0],
                [0.961599, 0.014708, 0.274063, 0.124994, 0.030903, -0.998013, -0.05487, -0.002831, 0.272711, 0.061232, -0.960146, -1.2e-05, 0.0, 0.0, 0.0, 1.0],
                [0.962666, 0.014895, 0.270281, 0.124994, 0.028748, -0.998462, -0.047367, -0.002831, 0.26916, 0.053369, -0.961616, -1.2e-05, 0.0, 0.0, 0.0, 1.0],
                [0.963667, 0.015171, 0.266677, 0.124994, 0.026796, -0.998838, -0.040005, -0.00283, 0.265761, 0.045697, -0.962955, -1.2e-05, 0.0, 0.0, 0.0, 1.0],
                [0.964557, 0.01548, 0.26342, 0.124994, 0.025094, -0.999133, -0.033173, -0.002831, 0.262679, 0.038607, -0.964111, -1.2e-05, 0.0, 0.0, 0.0, 1.0],
                [0.9653, 0.015796, 0.260665, 0.124994, 0.023692, -0.999349, -0.02718, -0.002831, 0.260066, 0.032412, -0.965047, -1.2e-05, 0.0, 0.0, 0.0, 1.0],
                [0.965863, 0.016042, 0.258556, 0.124994, 0.022637, -0.999488, -0.022547, -0.002831, 0.258062, 0.02763, -0.965733, -1.2e-05, 0.0, 0.0, 0.0, 1.0],
                [0.966217, 0.01622, 0.257216, 0.124994, 0.021971, -0.999566, -0.019503, -0.00283, 0.256788, 0.024495, -0.966157, -1.2e-05, 0.0, 0.0, 0.0, 1.0],
                [0.96634, 0.016291, 0.25675, 0.124994, 0.02174, -0.999593, -0.018402, -0.002831, 0.256346, 0.023364, -0.966303, -1.2e-05, 0.0, 0.0, 0.0, 1.0]
            ]
        },
        {
            "name": "Leg_R",
            "time": [0.0, 0.0167, 0.0333, 0.05, 0.0667, 0.0833, 0.1, 0.1167, 0.1333, 0.15, 0.1667, 0.1833, 0.2, 0.2167, 0.2333, 0.25, 0.2667, 0.2833, 0.3, 0.3167, 0.3333, 0.35, 0.3667, 0.3833, 0.4, 0.4167, 0.4333, 0.45, 0.4667, 0.4833, 0.5, 0.5167, 0.5333, 0.55, 0.5667, 0.5833, 0.6, 0.6167, 0.6333, 0.65, 0.6667, 0.6833, 0.7, 0.7167, 0.7333, 0.75, 0.7667, 0.7833, 0.8, 0.8167, 0.8333, 0.85, 0.8667, 0.8833, 0.9, 0.9167, 0.9333, 0.95, 0.9667, 0.9833, 1.0, 1.0167, 1.0333, 1.05, 1.0667, 1.0833, 1.1, 1.1167, 1.1333, 1.15, 1.1667, 1.1833, 1.2, 1.2167, 1.2333, 1.25, 1.2667, 1.2833, 1.3, 1.3167, 1.3333, 1.35, 1.3667, 1.3833, 1.4, 1.4167, 1.4333, 1.45, 1.4667, 1.4833, 1.5],
            "transform": [
                [1.0, -0.0, 1e-06, 0.0, -0.0, 0.983635, 0.180201, 0.374726, -1e-06, -0.180202, 0.983624, -0.0, 0.0, 0.0, 0.0, 1.0],
                [1.0, -0.0, 1e-06, -0.0, 0.0, 0.978788, 0.204901, 0.374726, -1e-06, -0.204902, 0.978777, 0.0, 0.0, 0.0, 0.0, 1.0],
                [1.000001, -0.0, 1e-06, -0.0, -0.0, 0.964492, 0.264128, 0.374726, -1e-06, -0.264129, 0.964483, 0.0, 0.0, 0.0, 0.0, 1.0],
                [1.0, -0.0, 1e-06, 0.0, 0.0, 0.941517, 0.336977, 0.374726, -1e-06, -0.33698, 0.941507, -0.0, 0.0, 0.0, 0.0, 1.0],
                [1.000001, -0.0, 1e-06, 0.0, -0.0, 0.91064, 0.41321, 0.374726, -1e-06, -0.413212, 0.910631, -0.0, 0.0, 0.0, 0.0, 1.0],
                [1.0, -0.0, 1e-06, 0.0, -0.0, 0.872655, 0.488343, 0.374726, -1e-06, -0.488345, 0.872646, 0.0, 0.0, 0.0, 0.0, 1.0],
                [1.0, -1e-06, 1e-06, 0.0, -0.0, 0.828418, 0.560114, 0.374726, -1e-06, -0.560116, 0.828412, -0.0, 0.0, 0.0, 0.0, 1.0],
                [1.0, -1e-06, 1e-06, 0.0, -0.0, 0.778705, 0.627392, 0.374726, -1e-06, -0.627395, 0.778699, 0.0, 0.0, 0.0, 0.0, 1.0],
                [1.000001, -0.0, 1e-06, -0.0, -0.0, 0.724192, 0.6896, 0.374726, -1e-06, -0.689603, 0.724186, -0.0, 0.0, 0.0, 0.0, 1.0],
                [1.0, -1e-06, 1e-06, -0.0, -0.0, 0.66543, 0.74646, 0.374726, -1e-06, -0.746464, 0.665425, -0.0, 0.0, 0.0, 0.0, 1.0],
                [1.000001, -1e-06, 1e-06, 0.0, -0.0, 0.602849, 0.797856, 0.374726, -1e-06, -0.79786, 0.602843, 0.0, 0.0, 0.0, 0.0, 1.0],
                [1.000001, -1e-06, 1e-06, 0.0, -0.0, 0.536738, 0.843749, 0.374726, -1e-06, -0.843752, 0.536734, 0.0, 0.0, 0.0, 0.0, 1.0],
                [1.000001, -1e-06, 1e-06, 0.0, -0.0, 0.467277, 0.884111, 0.374726, -1e-06, -0.884113, 0.467274, -0.0, 0.0, 0.0, 0.0, 1.0],
                [1.0, -1e-06, 0.0, -0.0, -0.0, 0.394558, 0.91887, 0.374726, -1e-06, -0.918873, 0.394556, -0.0, 0.0, 0.0, 0.0, 1.0],
                [1.0, -1e-06, 0.0, 0.0, -0.0, 0.318624, 0.947881, 0.374726, -1e-06, -0.947883, 0.318622, 0.0, 0.0, 0.0, 0.0, 1.0],
                [1.0, -1e-06, 0.0, 0.0, -0.0, 0.239513, 0.970892, 0.374726, -1e-06, -0.970895, 0.239511, 0.0, 0.0, 0.0, 0.0, 1.0],
                [1.0, -1e-06, 0.0, -0.0, -0.0, 0.12166, 0.992571, 0.374726, -1e-06, -0.992572, 0.121659, 0.0, 0.0, 0.0, 0.0, 1.0],
                [1.0, -1e-06, 0.0, -0.0, -0.0, -0.039564, 0.999217, 0.374726, -1e-06, -0.999218, -0.039564, -0.0, 0.0, 0.0, 0.0, 1.0],
                [1.0, -1e-06, -0.0, 0.0, -0.0, -0.203762, 0.97902, 0.374726, -1e-06, -0.979022, -0.203761, 0.0, 0.0, 0.0, 0.0, 1.0],
                [1.0, -1e-06, -0.0, 0.0, -0.0, -0.342119, 0.939656, 0.374726, -1e-06, -0.939658, -0.342117, 0.0, 0.0, 0.0, 0.0, 1.0],
                [1.0, -1e-06, -0.0, -0.0, -0.0, -0.43542, 0.900227, 0.374726, -1e-06, -0.900229, -0.435417, 0.0, 0.0, 0.0, 0.0, 1.0],
                [1.0, -1e-06, -0.0, -0.0, -0.0, -0.47479, 0.880098, 0.374726, -1e-06, -0.880101, -0.474787, 0.0, 0.0, 0.0, 0.0, 1.0],
                [1.000001, -1e-06, -0.0, 0.0, -0.0, -0.473794, 0.880634, 0.374726, -1e-06, -0.880637, -0.473791, -0.0, 0.0, 0.0, 0.0, 1.0],
                [1.0, -1e-06, -0.0, 0.0, -0.0, -0.449551, 0.893254, 0.374726, -1e-06, -0.893256, -0.449548, 0.0, 0.0, 0.0, 0.0, 1.0],
                [1.000001, -1e-06, -0.0, 0.0, -0.0, -0.423243, 0.906016, 0.374726, -1e-06, -0.906018, -0.423241, 0.0, 0.0, 0.0, 0.0, 1.0],
                [1.0, -1e-06, -0.0, 0.0, -0.0, -0.419532, 0.90774, 0.374726, -1e-06, -0.907742, -0.41953, 0.0, 0.0, 0.0, 0.0, 1.0],
                [1.0, -1e-06, -0.0, 0.0, -0.0, -0.432457, 0.901654, 0.374726, -1e-06, -0.901657, -0.432454, 0.0, 0.0, 0.0, 0.0, 1.0],
                [1.0, -1e-06, -0.0, 0.0, -0.0, -0.440468, 0.897767, 0.374726, -1e-06, -0.89777, -0.440466, -0.0, 0.0, 0.0, 0.0, 1.0],
                [1.0, -1e-06, -0.0, 0.0, -0.0, -0.444218, 0.895918, 0.374726, -1e-06, -0.89592, -0.444216, 0.0, 0.0, 0.0, 0.0, 1.0],
                [1.0, -1e-06, -0.0, 0.0, -0.0, -0.444294, 0.89588, 0.374726, -1e-06, -0.895882, -0.444291, 0.0, 0.0, 0.0, 0.0, 1.0],
                [1.0, -1e-06, -0.0, 0.0, -0.0, -0.44125, 0.897384, 0.374726, -1e-06, -0.897387, -0.441246, 0.0, 0.0, 0.0, 0.0, 1.0],
                [1.0, -1e-06, -0.0, -0.0, -0.0, -0.437286, 0.899322, 0.374726, -1e-06, -0.899324, -0.437283, -0.0, 0.0, 0.0, 0.0, 1.0],
                [1.0, -1e-06, -0.0, -0.0, -0.0, -0.43414, 0.900844, 0.374726, -1e-06, -0.900847, -0.434137, -0.0, 0.0, 0.0, 0.0, 1.0],
                [1.0, -1e-06, -0.0, -0.0, -0.0, -0.43166, 0.902035, 0.374726, -1e-06, -0.902038, -0.431657, 0.0, 0.0, 0.0, 0.0, 1.0],
                [1.0, -1e-06, -0.0, -0.0, -0.0, -0.429726, 0.902958, 0.374726, -1e-06, -0.902961, -0.429723, 0.0, 0.0, 0.0, 0.0, 1.0],
                [1.0, -1e-06, -0.0, 0.0, -0.0, -0.428226, 0.903671, 0.374726, -1e-06, -0.903673, -0.428223, -0.0, 0.0, 0.0, 0.0, 1.0],
                [1.0, -1e-06, -0.0, 0.0, -0.0, -0.426795, 0.904348, 0.374726, -1e-06, -0.90435, -0.426792, -0.0, 0.0, 0.0, 0.0, 1.0],
                [1.0, -1e-06, -0.0, 0.0, -0.0, -0.425149, 0.905123, 0.374726, -1e-06, -0.905125, -0.425146, 0.0, 0.0, 0.0, 0.0, 1.0],
                [1.0, -1e-06, -0.0, -0.0, -0.0, -0.423267, 0.906005, 0.374726, -1e-06, -0.906007, -0.423264, 0.0, 0.0, 0.0, 0.0, 1.0],
                [1.000001, -1e-06, -0.0, -0.0, -0.0, -0.421112, 0.907008, 0.374726, -1e-06, -0.907011, -0.42111, -0.0, 0.0, 0.0, 0.0, 1.0],
                [1.000001, -1e-06, -0.0, -0.0, -0.0, -0.418635, 0.908154, 0.374726, -1e-06, -0.908156, -0.418632, 0.0, 0.0, 0.0, 0.0, 1.0],
                [1.0, -1e-06, -0.0, 0.0, -0.0, -0.415788, 0.909461, 0.374726, -1e-06, -0.909463, -0.415786, -0.0, 0.0, 0.0, 0.0, 1.0],
                [1.0, -1e-06, 0.0, -0.0, -0.0, -0.412525, 0.910946, 0.374726, -1e-06, -0.910948, -0.412522, 0.0, 0.0, 0.0, 0.0, 1.0],
                [1.0, -1e-06, -0.0, 0.0, -0.0, -0.408808, 0.91262, 0.374726, -1e-06, -0.912623, -0.408805, 0.0, 0.0, 0.0, 0.0, 1.0],
                [1.000001, -1e-06, -0.0, 0.0, -0.0, -0.404612, 0.914489, 0.374726, -1e-06, -0.91449, -0.404609, -0.0, 0.0, 0.0, 0.0, 1.0],
                [1.0, -1e-06, -0.0, 0.0, -0.0, -0.399927, 0.916547, 0.374726, -1e-06, -0.916548, -0.399924, -0.0, 0.0, 0.0, 0.0, 1.0],
                [1.0, -1e-06, -0.0, 0.0, -0.0, -0.389553, 0.921004, 0.374726, -1e-06, -0.921005, -0.389551, -0.0, 0.0, 0.0, 0.0, 1.0],
                [1.0, -1e-06, -0.0, 0.0, -0.0, -0.369056, 0.929406, 0.374726, -1e-06, -0.929409, -0.369053, -0.0, 0.0, 0.0, 0.0, 1.0],
                [1.0, -1e-06, -0.0, -0.0, -0.0, -0.339251, 0.940695, 0.374726, -1e-06, -0.940697, -0.339249, 0.0, 0.0, 0.0, 0.0, 1.0],
                [1.0, -1e-06, 0.0, -0.0, -0.0, -0.300645, 0.953735, 0.374726, -1e-06, -0.953737, -0.300643, 0.0, 0.0, 0.0, 0.0, 1.0],
                [1.0, -1e-06, 0.0, -0.0, -0.0, -0.253607, 0.967306, 0.374726, -1e-06, -0.967308, -0.253605, 0.0, 0.0, 0.0, 0.0, 1.0],
                [1.0, -1e-06, 0.0, -0.0, -0.0, -0.198516, 0.980097, 0.374726, -1e-06, -0.980098, -0.198515, -0.0, 0.0, 0.0, 0.0, 1.0],
                [1.0, -1e-06, 0.0, -0.0, -0.0, -0.135891, 0.990722, 0.374726, -1e-06, -0.990724, -0.135891, -0.0, 0.0, 0.0, 0.0, 1.0],
                [1.0, -1e-06, 0.0, -0.0, -0.0, -0.066485, 0.997786, 0.374726, -1e-06, -0.997788, -0.066485, 0.0, 0.0, 0.0, 0.0, 1.0],
                [1.0, -1e-06, 0.0, -0.0, -0.0, 0.008633, 0.999961, 0.374726, -1e-06, -0.999963, 0.008633, 0.0, 0.0, 0.0, 0.0, 1.0],
                [1.0, -1e-06, 0.0, 0.0, -0.0, 0.08804, 0.996116, 0.374726, -1e-06, -0.996118, 0.088039, -0.0, 0.0, 0.0, 0.0, 1.0],
                [1.0, -1e-06, 0.0, -0.0, -0.0, 0.169927, 0.985456, 0.374726, -1e-06, -0.985457, 0.169926, 0.0, 0.0, 0.0, 0.0, 1.0],
                [1.0, -1e-06, 0.0, 0.0, -0.0, 0.252109, 0.967698, 0.374726, -1e-06, -0.9677, 0.252107, 0.0, 0.0, 0.0, 0.0, 1.0],
                [1.0, -1e-06, 0.0, -0.0, -0.0, 0.332076, 0.943251, 0.374726, -1e-06, -0.943253, 0.332074, -0.0, 0.0, 0.0, 0.0, 1.0],
                [1.0, -1e-06, 1e-06, 0.0, -0.0, 0.407036, 0.913411, 0.374726, -1e-06, -0.913414, 0.407035, -0.0, 0.0, 0.0, 0.0, 1.0],
                [1.0, -1e-06, 1e-06, 0.0, -0.0, 0.474031, 0.880508, 0.374726, -1e-06, -0.88051, 0.474027, -0.0, 0.0, 0.0, 0.0, 1.0],
                [1.0, -1e-06, 1e-06, 0.0, -0.0, 0.53408, 0.845434, 0.374726, -1e-06, -0.845437, 0.534076, -0.0, 0.0, 0.0, 0.0, 1.0],
                [1.0, -1e-06, 1e-06, -0.0, -0.0, 0.590155, 0.80729, 0.374726, -1e-06, -0.807293, 0.590151, 0.0, 0.0, 0.0, 0.0, 1.0],
