{
  "constructor": {
    "invocation_command": "(0.05#F,endless_trail:biped/sword_death#java.lang.String,epicfight:entity/biped#yesman.epicfight.api.model.Armature)#yesman.epicfight.api.animation.types.KnockdownAnimation"
  },
  "animation": [
    {
      "name": "Root",
      "time": [
        0.0,
        0.0167,
        0.0333,
        0.05,
        0.0667,
        0.0833,
        0.1,
        0.1167,
        0.1333,
        0.15,
        0.1667,
        0.1833,
        0.2,
        0.2167,
        0.2333,
        0.25,
        0.2667,
        0.2833,
        0.3,
        0.3167,
        0.3333,
        0.35,
        0.3667,
        0.3833,
        0.4,
        0.4167,
        0.4333,
        0.45,
        0.4667,
        0.4833,
        0.5,
        0.5167,
        0.5333,
        0.55,
        0.5667,
        0.5833,
        0.6,
        0.6167,
        0.6333,
        0.65,
        0.6667,
        0.6833,
        0.7,
        0.7167,
        0.7333,
        0.75,
        0.7667,
        0.7833,
        0.8,
        0.8167,
        0.8333,
        0.85,
        0.8667,
        0.8833,
        0.9,
        0.9167,
        0.9333,
        0.95,
        0.9667,
        0.9833,
        1.0,
        1.0167,
        1.0333,
        1.05,
        1.0667,
        1.0833,
        1.1,
        1.1167,
        1.1333,
        1.15,
        1.1667,
        1.1833,
        1.2,
        1.2167,
        1.2333,
        1.25,
        1.2667,
        1.2833,
        1.3,
        1.3167,
        1.3333,
        1.35,
        1.3667,
        1.3833,
        1.4,
        1.4167,
        1.4333,
        1.45,
        1.4667,
        1.4833,
        1.5
      ],
      "transform": [
        [
          1.0,
          0.0,
          0.0,
          -5e-06,
          0.0,
          0.0,
          -1.0,
          0.000946,
          0.0,
          1.0,
          0.0,
          0.763972,
          0.0,
          0.0,
          0.0,
          1.0
        ],
        [
          1.0,
          0.0,
          0.0,
          -5e-06,
          0.0,
          0.000578,
          -1.0,
          0.001413,
          0.0,
          1.0,
          0.000578,
          0.763971,
          0.0,
          0.0,
          0.0,
          1.0
        ],
        [
          1.0,
          0.0,
          0.0,
          -5e-06,
          0.0,
          0.002291,
          -0.999997,
          0.002796,
          0.0,
          0.999997,
          0.002291,
          0.76397,
          0.0,
          0.0,
          0.0,
          1.0
        ],
        [
          1.0,
          0.0,
          0.0,
          -5e-06,
          0.0,
          0.005106,
          -0.999987,
          0.005074,
          0.0,
          0.999987,
          0.005106,
          0.763965,
          0.0,
          0.0,
          0.0,
          1.0
        ],
        [
          1.0,
          0.0,
          0.0,
          -5e-06,
          0.0,
          0.008992,
          -0.99996,
          0.008223,
          0.0,
          0.99996,
          0.008992,
          0.763956,
          0.0,
          0.0,
          0.0,
          1.0
        ],
        [
          1.0,
          0.0,
          0.0,
          -5e-06,
          0.0,
          0.013914,
          -0.999903,
          0.01222,
          0.0,
          0.999903,
          0.013914,
          0.763941,
          0.0,
          0.0,
          0.0,
          1.0
        ],
        [
          1.0,
          0.0,
          0.0,
          -5e-06,
          0.0,
          0.019842,
          -0.999803,
          0.017042,
          0.0,
          0.999803,
          0.019842,
          0.763919,
          0.0,
          0.0,
          0.0,
          1.0
        ],
        [
          1.0,
          0.0,
          0.0,
          -5e-06,
          0.0,
          0.026743,
          -0.999642,
          0.022665,
          0.0,
          0.999642,
          0.026743,
          0.763888,
          0.0,
          0.0,
          0.0,
          1.0
        ],
        [
          1.0,
          0.0,
          0.0,
          -5e-06,
          0.0,
          0.034583,
          -0.999402,
          0.029067,
          0.0,
          0.999402,
          0.034583,
          0.763847,
          0.0,
          0.0,
          0.0,
          1.0
        ],
        [
          1.0,
          0.0,
          0.0,
          -5e-06,
          0.0,
          0.04333,
          -0.999061,
          0.036224,
          0.0,
          0.999061,
          0.04333,
          0.763795,
          0.0,
          0.0,
          0.0,
          1.0
        ],
        [
          1.0,
          0.0,
          0.0,
          -5e-06,
          0.0,
          0.05295,
          -0.998597,
          0.044114,
          0.0,
          0.998597,
          0.05295,
          0.763729,
          0.0,
          0.0,
          0.0,
          1.0
        ],
        [
          1.0,
          0.0,
          0.0,
          -5e-06,
          0.0,
          0.06341,
          -0.997988,
          0.052712,
          0.0,
          0.997988,
          0.06341,
          0.763649,
          0.0,
          0.0,
          0.0,
          1.0
        ],
        [
          1.0,
          0.0,
          0.0,
          -5e-06,
          0.0,
          0.074675,
          -0.997208,
          0.061997,
          0.0,
          0.997208,
          0.074675,
          0.763553,
          0.0,
          0.0,
          0.0,
          1.0
        ],
        [
          1.0,
          0.0,
          0.0,
          -5e-06,
          0.0,
          0.086711,
          -0.996234,
          0.071944,
          0.0,
          0.996234,
          0.086711,
          0.763439,
          0.0,
          0.0,
          0.0,
          1.0
        ],
        [
          1.0,
          0.0,
          0.0,
          -5e-06,
          0.0,
          0.099482,
          -0.995039,
          0.082531,
          0.0,
          0.995039,
          0.099482,
          0.763306,
          0.0,
          0.0,
          0.0,
          1.0
        ],
        [
          1.0,
          0.0,
          0.0,
          -5e-06,
          0.0,
          0.112952,
          -0.9936,
          0.093735,
          0.0,
          0.9936,
          0.112952,
          0.763153,
          0.0,
          0.0,
          0.0,
          1.0
        ],
        [
          1.0,
          0.0,
          0.0,
          -5e-06,
          0.0,
          0.127083,
          -0.991892,
          0.105532,
          0.0,
          0.991892,
          0.127083,
          0.762978,
          0.0,
          0.0,
          0.0,
          1.0
        ],
        [
          1.0,
          0.0,
          0.0,
          -5e-06,
          0.0,
          0.14184,
          -0.98989,
          0.117899,
          0.0,
          0.98989,
          0.14184,
          0.76278,
          0.0,
          0.0,
          0.0,
          1.0
        ],
        [
          1.0,
          0.0,
          0.0,
          -5e-06,
          0.0,
          0.157183,
          -0.98757,
          0.130814,
          0.0,
          0.98757,
          0.157183,
          0.762557,
          0.0,
          0.0,
          0.0,
          1.0
        ],
        [
          1.0,
          0.0,
          0.0,
          -5e-06,
          0.0,
          0.173073,
          -0.984909,
          0.144252,
          0.0,
          0.984909,
          0.173073,
          0.762308,
          0.0,
          0.0,
          0.0,
          1.0
        ],
        [
          1.0,
          0.0,
          0.0,
          -5e-06,
          0.0,
          0.189471,
          -0.981886,
          0.158192,
          0.0,
          0.981886,
          0.189471,
          0.762032,
          0.0,
          0.0,
          0.0,
          1.0
        ],
        [
          1.0,
          0.0,
          0.0,
          -5e-06,
          0.0,
          0.206337,
          -0.978481,
          0.172609,
          0.0,
          0.978481,
          0.206337,
          0.761726,
          0.0,
          0.0,
          0.0,
          1.0
        ],
        [
          1.0,
          0.0,
          0.0,
          -5e-06,
          0.0,
          0.223629,
          -0.974674,
          0.187481,
          0.0,
          0.974674,
          0.223629,
          0.76139,
          0.0,
          0.0,
          0.0,
          1.0
        ],
        [
          1.0,
          0.0,
          0.0,
          -5e-06,
          0.0,
          0.241308,
          -0.970449,
          0.202784,
          0.0,
          0.970449,
          0.241308,
          0.761021,
          0.0,
          0.0,
          0.0,
          1.0
        ],
        [
          1.0,
          0.0,
          0.0,
          -5e-06,
          0.0,
          0.25933,
          -0.965789,
          0.218496,
          0.0,
          0.965789,
          0.25933,
          0.76062,
          0.0,
          0.0,
          0.0,
          1.0
        ],
        [
          1.0,
          0.0,
          0.0,
          -5e-06,
          0.0,
          0.277655,
          -0.960681,
          0.234592,
          0.0,
          0.960681,
          0.277655,
          0.760183,
          0.0,
          0.0,
          0.0,
          1.0
        ],
        [
          1.0,
          0.0,
          0.0,
          -5e-06,
          0.0,
          0.296239,
          -0.955114,
          0.251051,
          0.0,
          0.955114,
          0.296239,
          0.75971,
          0.0,
          0.0,
          0.0,
          1.0
        ],
        [
          1.0,
          0.0,
          0.0,
          -5e-06,
          0.0,
          0.315043,
          -0.949078,
          0.267849,
          0.0,
          0.949078,
          0.315043,
          0.759199,
          0.0,
          0.0,
          0.0,
          1.0
        ],
        [
          1.0,
          0.0,
          0.0,
          -5e-06,
          0.0,
          0.334022,
          -0.942565,
          0.284963,
          0.0,
          0.942565,
          0.334022,
          0.758649,
          0.0,
          0.0,
          0.0,
          1.0
        ],
        [
          1.0,
          0.0,
          0.0,
          -5e-06,
          0.0,
          0.353137,
          -0.935572,
          0.302369,
          0.0,
          0.935572,
          0.353137,
          0.758058,
          0.0,
          0.0,
          0.0,
          1.0
        ],
        [
          1.0,
          0.0,
          0.0,
          -5e-06,
          0.0,
          0.372345,
          -0.928094,
          0.320045,
          0.0,
          0.928094,
          0.372345,
          0.757425,
          0.0,
          0.0,
          0.0,
          1.0
        ],
        [
          1.0,
          0.000821,
          -0.000415,
          -5e-06,
          -0.000704,
          0.391573,
          -0.920147,
          0.337975,
          -0.000593,
          0.920147,
          0.391573,
          0.755617,
          0.0,
          0.0,
          0.0,
          1.0
        ],
        [
          0.999994,
          0.00309,
          -0.001522,
          -5e-06,
          -0.002656,
          0.410526,
          -0.911845,
          0.356172,
          -0.002193,
          0.911844,
          0.410532,
          0.751583,
          0.0,
          0.0,
          0.0,
          1.0
        ],
        [
          0.999974,
          0.006504,
          -0.003122,
          -5e-06,
          -0.00561,
          0.428843,
          -0.903362,
          0.374659,
          -0.004537,
          0.903356,
          0.428868,
          0.745442,
          0.0,
          0.0,
          0.0,
          1.0
        ],
        [
          0.999929,
          0.010755,
          -0.005036,
          -5e-06,
          -0.009306,
          0.446169,
          -0.8949,
          0.393456,
          -0.007378,
          0.894884,
          0.446237,
          0.737312,
          0.0,
          0.0,
          0.0,
          1.0
        ],
        [
          0.999854,
          0.015526,
          -0.0071,
          -5e-06,
          -0.013473,
          0.462167,
          -0.886691,
          0.412584,
          -0.010485,
          0.886657,
          0.462309,
          0.727315,
          0.0,
          0.0,
          0.0,
          1.0
        ],
        [
          0.999748,
          0.020489,
          -0.009167,
          -5e-06,
          -0.017825,
          0.476514,
          -0.878986,
          0.432066,
          -0.013641,
          0.878928,
          0.47676,
          0.715568,
          0.0,
          0.0,
          0.0,
          1.0
        ],
        [
          0.999618,
          0.025311,
          -0.011109,
          -5e-06,
          -0.022071,
          0.488905,
          -0.872058,
          0.451922,
          -0.016641,
          0.87197,
          0.489277,
          0.70219,
          0.0,
          0.0,
          0.0,
          1.0
        ],
        [
          0.999478,
          0.029654,
          -0.012807,
          -5e-06,
          -0.025906,
          0.499045,
          -0.866189,
          0.472173,
          -0.019295,
          0.866068,
          0.499553,
          0.687302,
          0.0,
          0.0,
          0.0,
          1.0
        ],
        [
          0.999349,
          0.033178,
          -0.014154,
          -5e-06,
          -0.029025,
          0.506649,
          -0.861663,
          0.492842,
          -0.021417,
          0.861514,
          0.507283,
          0.671022,
          0.0,
          0.0,
          0.0,
          1.0
        ],
        [
          0.999255,
          0.035541,
          -0.015044,
          -5e-06,
          -0.031119,
          0.511431,
          -0.858761,
          0.513949,
          -0.022827,
          0.858589,
          0.512156,
          0.65347,
          0.0,
          0.0,
          0.0,
          1.0
        ],
        [
          0.999219,
          0.036404,
          -0.015367,
          -5e-06,
          -0.031884,
          0.513094,
          -0.85774,
          0.535516,
          -0.02334,
          0.85756,
          0.513854,
          0.634765,
          0.0,
          0.0,
          0.0,
          1.0
        ],
        [
          0.999223,
          0.036319,
          -0.015339,
          0.000646,
          -0.031809,
          0.512792,
          -0.857924,
          0.557496,
          -0.023294,
          0.857744,
          0.513548,
          0.61508,
          0.0,
          0.0,
          0.0,
          1.0
        ],
        [
          0.999232,
          0.036086,
          -0.015261,
          0.002443,
          -0.0316,
          0.511957,
          -0.85843,
          0.579574,
          -0.023164,
          0.858253,
          0.512704,
          0.5948,
          0.0,
          0.0,
          0.0,
          1.0
        ],
        [
          0.999247,
          0.035734,
          -0.015144,
          0.005159,
          -0.031284,
          0.510695,
          -0.859193,
          0.601367,
          -0.022969,
          0.859019,
          0.511428,
          0.574365,
          0.0,
          0.0,
          0.0,
          1.0
        ],
        [
          0.999264,
          0.035294,
          -0.014996,
          0.008563,
          -0.03089,
          0.509111,
          -0.860147,
          0.622493,
          -0.022723,
          0.859977,
          0.509827,
          0.554216,
          0.0,
          0.0,
          0.0,
          1.0
        ],
        [
          0.999285,
          0.034794,
          -0.014827,
          0.012426,
          -0.030442,
          0.507311,
          -0.861225,
          0.642567,
          -0.022443,
          0.86106,
          0.508007,
          0.534791,
          0.0,
          0.0,
          0.0,
          1.0
        ],
        [
          0.999305,
          0.034264,
          -0.014646,
          0.016518,
          -0.029968,
          0.505401,
          -0.862364,
          0.661207,
          -0.022146,
          0.862204,
          0.506077,
          0.516529,
          0.0,
          0.0,
          0.0,
          1.0
        ],
        [
          0.999326,
          0.033735,
          -0.014465,
          0.020611,
          -0.029495,
          0.503488,
          -0.863498,
          0.678031,
          -0.021847,
          0.863343,
          0.504144,
          0.499872,
          0.0,
          0.0,
          0.0,
          1.0
        ],
        [
          0.999345,
          0.033236,
          -0.014292,
          0.024474,
          -0.02905,
          0.50168,
          -0.864565,
          0.692654,
          -0.021565,
          0.864414,
          0.502317,
          0.485257,
          0.0,
          0.0,
          0.0,
          1.0
        ],
        [
          0.999362,
          0.032797,
          -0.014139,
          0.027878,
          -0.028657,
          0.500085,
          -0.865502,
          0.704694,
          -0.021315,
          0.865355,
          0.500706,
          0.473125,
          0.0,
          0.0,
          0.0,
          1.0
        ],
        [
          0.999375,
          0.032446,
          -0.014017,
          0.030593,
          -0.028344,
          0.498811,
          -0.866247,
          0.713769,
          -0.021115,
          0.866103,
          0.499419,
          0.463915,
          0.0,
          0.0,
          0.0,
          1.0
        ],
        [
          0.999384,
          0.032214,
          -0.013935,
          0.032391,
          -0.028137,
          0.497966,
          -0.86674,
          0.719495,
          -0.020982,
          0.866598,
          0.498566,
          0.458066,
          0.0,
          0.0,
          0.0,
          1.0
        ],
        [
          0.999387,
          0.032131,
          -0.013906,
          0.033041,
          -0.028063,
          0.497661,
          -0.866918,
          0.721488,
          -0.020934,
          0.866776,
          0.498257,
          0.456019,
          0.0,
          0.0,
          0.0,
          1.0
        ],
        [
          0.999387,
          0.032131,
          -0.013906,
          0.033023,
          -0.028063,
          0.497661,
          -0.866918,
          0.721164,
          -0.020934,
          0.866776,
          0.498257,
          0.456387,
          0.0,
          0.0,
          0.0,
          1.0
        ],
        [
          0.999387,
          0.032131,
          -0.013906,
          0.032972,
          -0.028063,
          0.497661,
          -0.866918,
          0.72026,
          -0.020934,
          0.866776,
          0.498257,
          0.457409,
          0.0,
          0.0,
          0.0,
          1.0
        ],
        [
          0.999387,
          0.032131,
          -0.013906,
          0.032894,
          -0.028063,
          0.497661,
          -0.866918,
          0.718883,
          -0.020934,
          0.866776,
          0.498257,
          0.458968,
          0.0,
          0.0,
          0.0,
          1.0
        ],
        [
          0.999387,
          0.032131,
          -0.013906,
          0.032795,
          -0.028063,
          0.497661,
          -0.866918,
          0.717138,
          -0.020934,
          0.866776,
          0.498257,
          0.460944,
          0.0,
          0.0,
          0.0,
          1.0
        ],
        [
          0.999387,
          0.032131,
          -0.013906,
          0.032681,
          -0.028063,
          0.497661,
          -0.866918,
          0.71513,
          -0.020934,
          0.866776,
          0.498257,
          0.463218,
          0.0,
          0.0,
          0.0,
          1.0
        ],
        [
          0.999387,
          0.032131,
          -0.013906,
          0.032559,
          -0.028063,
          0.497661,
          -0.866918,
          0.712964,
          -0.020934,
          0.866776,
          0.498257,
          0.465671,
          0.0,
          0.0,
          0.0,
          1.0
        ],
        [
          0.999387,
          0.032131,
          -0.013906,
          0.032433,
          -0.028063,
          0.497661,
          -0.866918,
          0.710745,
          -0.020934,
          0.866776,
          0.498257,
          0.468183,
          0.0,
          0.0,
          0.0,
          1.0
        ],
        [
          0.999387,
          0.032131,
          -0.013906,
          0.032311,
          -0.028063,
          0.497661,
          -0.866918,
          0.708579,
          -0.020934,
          0.866776,
          0.498257,
          0.470636,
          0.0,
          0.0,
          0.0,
          1.0
        ],
        [
          0.999387,
          0.032131,
          -0.013906,
          0.032197,
          -0.028063,
          0.497661,
          -0.866918,
          0.70657,
          -0.020934,
          0.866776,
          0.498257,
          0.472909,
          0.0,
          0.0,
          0.0,
          1.0
        ],
        [
          0.999387,
          0.032131,
          -0.013906,
          0.032099,
          -0.028063,
          0.497661,
          -0.866918,
          0.704825,
          -0.020934,
          0.866776,
          0.498257,
          0.474885,
          0.0,
          0.0,
          0.0,
          1.0
        ],
        [
          0.999387,
          0.032131,
          -0.013906,
          0.032021,
          -0.028063,
          0.497661,
          -0.866918,
          0.703448,
          -0.020934,
          0.866776,
          0.498257,
          0.476444,
          0.0,
          0.0,
          0.0,
          1.0
        ],
        [
          0.999387,
          0.032131,
          -0.013906,
          0.03197,
          -0.028063,
          0.497661,
          -0.866918,
          0.702545,
          -0.020934,
          0.866776,
          0.498257,
          0.477467,
          0.0,
          0.0,
          0.0,
          1.0
        ],
        [
          0.999387,
          0.032131,
          -0.013906,
          0.031951,
          -0.028063,
          0.497661,
          -0.866918,
          0.70222,
          -0.020934,
          0.866776,
          0.498257,
          0.477834,
          0.0,
          0.0,
          0.0,
          1.0
        ],
        [
          0.999387,
          0.032131,
          -0.013906,
          0.031951,
          -0.028063,
          0.497661,
          -0.866918,
          0.70222,
          -0.020934,
          0.866776,
          0.498257,
          0.477834,
          0.0,
          0.0,
          0.0,
          1.0
        ],
        [
          0.999387,
          0.032131,
          -0.013906,
          0.031951,
          -0.028063,
          0.497661,
          -0.866918,
          0.70222,
          -0.020934,
          0.866776,
          0.498257,
          0.477834,
          0.0,
          0.0,
          0.0,
          1.0
        ],
        [
          0.999387,
          0.032131,
          -0.013906,
          0.031951,
          -0.028063,
          0.497661,
          -0.866918,
          0.70222,
          -0.020934,
          0.866776,
          0.498257,
          0.477834,
          0.0,
          0.0,
          0.0,
          1.0
        ],
        [
          0.999387,
          0.032131,
          -0.013906,
          0.031951,
          -0.028063,
          0.497661,
          -0.866918,
          0.70222,
          -0.020934,
          0.866776,
          0.498257,
          0.477834,
          0.0,
          0.0,
          0.0,
          1.0
        ],
        [
          0.999387,
          0.032131,
          -0.013906,
          0.031951,
          -0.028063,
          0.497661,
          -0.866918,
          0.70222,
          -0.020934,
          0.866776,
          0.498257,
          0.477834,
          0.0,
          0.0,
          0.0,
          1.0
        ],
        [
          0.999387,
          0.032131,
          -0.013906,
          0.031951,
          -0.028063,
          0.497661,
          -0.866918,
          0.70222,
          -0.020934,
          0.866776,
          0.498257,
          0.477834,
          0.0,
          0.0,
          0.0,
          1.0
        ],
        [
          0.999387,
          0.032131,
          -0.013906,
          0.031951,
          -0.028063,
          0.497661,
          -0.866918,
          0.70222,
          -0.020934,
          0.866776,
          0.498257,
          0.477834,
          0.0,
          0.0,
          0.0,
          1.0
        ],
        [
          0.999387,
          0.032131,
          -0.013906,
          0.031951,
          -0.028063,
          0.497661,
          -0.866918,
          0.70222,
          -0.020934,
          0.866776,
          0.498257,
          0.477834,
          0.0,
          0.0,
          0.0,
          1.0
        ],
        [
          0.999387,
          0.032131,
          -0.013906,
          0.031951,
          -0.028063,
          0.497661,
          -0.866918,
          0.70222,
          -0.020934,
          0.866776,
          0.498257,
          0.477834,
          0.0,
          0.0,
          0.0,
          1.0
        ],
        [
          0.999387,
          0.032131,
          -0.013906,
          0.031951,
          -0.028063,
          0.497661,
          -0.866918,
          0.70222,
          -0.020934,
          0.866776,
          0.498257,
          0.477834,
          0.0,
          0.0,
          0.0,
          1.0
        ],
        [
          0.999387,
          0.032131,
          -0.013906,
          0.031951,
          -0.028063,
          0.497661,
          -0.866918,
          0.70222,
          -0.020934,
          0.866776,
          0.498257,
          0.477834,
          0.0,
          0.0,
          0.0,
          1.0
        ],
        [
          0.999387,
          0.032131,
          -0.013906,
          0.031951,
          -0.028063,
          0.497661,
          -0.866918,
          0.70222,
          -0.020934,
          0.866776,
          0.498257,
          0.477834,
          0.0,
          0.0,
          0.0,
          1.0
        ],
        [
          0.999387,
          0.032131,
          -0.013906,
          0.031951,
          -0.028063,
          0.497661,
          -0.866918,
          0.70222,
          -0.020934,
          0.866776,
          0.498257,
          0.477834,
          0.0,
          0.0,
          0.0,
          1.0
        ],
        [
          0.999387,
          0.032131,
          -0.013906,
          0.031951,
          -0.028063,
          0.497661,
          -0.866918,
          0.70222,
          -0.020934,
          0.866776,
          0.498257,
          0.477834,
          0.0,
          0.0,
          0.0,
          1.0
        ],
        [
          0.999387,
          0.032131,
          -0.013906,
          0.031951,
          -0.028063,
          0.497661,
          -0.866918,
          0.70222,
          -0.020934,
          0.866776,
          0.498257,
          0.477834,
          0.0,
          0.0,
          0.0,
          1.0
        ],
        [
          0.999387,
          0.032131,
          -0.013906,
          0.031951,
          -0.028063,
          0.497661,
          -0.866918,
          0.70222,
          -0.020934,
          0.866776,
          0.498257,
          0.477834,
          0.0,
          0.0,
          0.0,
          1.0
        ],
        [
          0.999387,
          0.032131,
          -0.013906,
          0.031951,
          -0.028063,
          0.497661,
          -0.866918,
          0.70222,
          -0.020934,
          0.866776,
          0.498257,
          0.477834,
          0.0,
          0.0,
          0.0,
          1.0
        ],
        [
          0.999387,
          0.032131,
          -0.013906,
          0.031951,
          -0.028063,
          0.497661,
          -0.866918,
          0.70222,
          -0.020934,
          0.866776,
          0.498257,
          0.477834,
          0.0,
          0.0,
          0.0,
          1.0
        ],
        [
          0.999387,
          0.032131,
          -0.013906,
          0.031951,
          -0.028063,
          0.497661,
          -0.866918,
          0.70222,
          -0.020934,
          0.866776,
          0.498257,
          0.477834,
          0.0,
          0.0,
          0.0,
          1.0
        ],
        [
          0.999387,
          0.032131,
          -0.013906,
          0.031951,
          -0.028063,
          0.497661,
          -0.866918,
          0.70222,
          -0.020934,
          0.866776,
          0.498257,
          0.477834,
          0.0,
          0.0,
          0.0,
          1.0
        ],
        [
          0.999387,
          0.032131,
          -0.013906,
          0.031951,
          -0.028063,
          0.497661,
          -0.866918,
          0.70222,
          -0.020934,
          0.866776,
          0.498257,
          0.477834,
          0.0,
          0.0,
          0.0,
          1.0
        ],
        [
          0.999387,
          0.032131,
          -0.013906,
          0.031951,
          -0.028063,
          0.497661,
          -0.866918,
          0.70222,
          -0.020934,
          0.866776,
          0.498257,
          0.477834,
          0.0,
          0.0,
          0.0,
          1.0
        ],
        [
          0.999387,
          0.032131,
          -0.013906,
          0.031951,
          -0.028063,
          0.497661,
          -0.866918,
          0.70222,
          -0.020934,
          0.866776,
          0.498257,
          0.477834,
          0.0,
          0.0,
          0.0,
          1.0
        ],
        [
          0.999387,
          0.032131,
          -0.013906,
          0.031951,
          -0.028063,
          0.497661,
          -0.866918,
          0.70222,
          -0.020934,
          0.866776,
          0.498257,
          0.477834,
          0.0,
          0.0,
          0.0,
          1.0
        ]
      ]
    },
    {
      "name": "Thigh_R",
      "time": [
        0.0,
        0.0167,
        0.0333,
        0.05,
        0.0667,
        0.0833,
        0.1,
        0.1167,
        0.1333,
        0.15,
        0.1667,
        0.1833,
        0.2,
        0.2167,
        0.2333,
        0.25,
        0.2667,
        0.2833,
        0.3,
        0.3167,
        0.3333,
        0.35,
        0.3667,
        0.3833,
        0.4,
        0.4167,
        0.4333,
        0.45,
        0.4667,
        0.4833,
        0.5,
        0.5167,
        0.5333,
        0.55,
        0.5667,
        0.5833,
        0.6,
        0.6167,
        0.6333,
        0.65,
        0.6667,
        0.6833,
        0.7,
        0.7167,
        0.7333,
        0.75,
        0.7667,
        0.7833,
        0.8,
        0.8167,
        0.8333,
        0.85,
        0.8667,
        0.8833,
        0.9,
        0.9167,
        0.9333,
        0.95,
        0.9667,
        0.9833,
        1.0,
        1.0167,
        1.0333,
        1.05,
        1.0667,
        1.0833,
        1.1,
        1.1167,
        1.1333,
        1.15,
        1.1667,
        1.1833,
        1.2,
        1.2167,
        1.2333,
        1.25,
        1.2667,
        1.2833,
        1.3,
        1.3167,
        1.3333,
        1.35,
        1.3667,
        1.3833,
        1.4,
        1.4167,
        1.4333,
        1.45,
        1.4667,
        1.4833,
        1.5
      ],
      "transform": [
        [
          1.0,
          -0.0,
          0.0,
          0.124994,
          -0.0,
          -0.999982,
          0.005643,
          -0.002831,
          0.0,
          -0.005643,
          -0.999985,
          -1.2e-05,
          0.0,
          0.0,
          0.0,
          1.0
        ],
        [
          0.999999,
          0.000681,
          0.000285,
          0.124994,
          0.000653,
          -0.996023,
          0.089074,
          -0.002831,
          0.000345,
          -0.089074,
          -0.996026,
          -1.2e-05,
          0.0,
          0.0,
          0.0,
          1.0
        ],
        [
          0.999996,
          0.002701,
          0.000839,
          0.124994,
          0.002512,
          -0.984378,
          0.176042,
          -0.00283,
          0.001301,
          -0.176039,
          -0.984382,
          -1.2e-05,
          0.0,
          0.0,
          0.0,
          1.0
        ],
        [
          0.999981,
          0.005978,
          0.001232,
          0.124994,
          0.00545,
          -0.965462,
          0.260479,
          -0.002831,
          0.002747,
          -0.260467,
          -0.965479,
          -1.2e-05,
          0.0,
          0.0,
          0.0,
          1.0
        ],
        [
          0.999946,
          0.010354,
          0.001082,
          0.124994,
          0.009361,
          -0.939689,
          0.341897,
          -0.002831,
          0.004557,
          -0.341868,
          -0.939737,
          -1.2e-05,
          0.0,
          0.0,
          0.0,
          1.0
        ],
        [
          0.999878,
          0.015611,
          7.1e-05,
          0.124994,
          0.01414,
          -0.907557,
          0.419688,
          -0.002831,
          0.006616,
          -0.419635,
          -0.907669,
          -1.2e-05,
          0.0,
          0.0,
          0.0,
          1.0
        ],
        [
          0.999767,
          0.021474,
          -0.00203,
          0.124994,
          0.01968,
          -0.869612,
          0.49334,
          -0.002831,
          0.008829,
          -0.493264,
          -0.869835,
          -1.2e-05,
          0.0,
          0.0,
          0.0,
          1.0
        ],
        [
          0.999603,
          0.027634,
          -0.005341,
          0.124994,
          0.025853,
          -0.826476,
          0.562376,
          -0.002831,
          0.011126,
          -0.56229,
          -0.826864,
          -1.2e-05,
          0.0,
          0.0,
          0.0,
          1.0
        ],
        [
          0.999381,
          0.033767,
          -0.009858,
          0.124994,
          0.032495,
          -0.778866,
          0.626346,
          -0.002831,
          0.013471,
          -0.626277,
          -0.779483,
          -1.2e-05,
          0.0,
          0.0,
          0.0,
          1.0
        ],
        [
          0.999098,
          0.039558,
          -0.015431,
          0.124994,
          0.039388,
          -0.727648,
          0.684818,
          -0.002831,
          0.015862,
          -0.684807,
          -0.728551,
          -1.2e-05,
          0.0,
          0.0,
          0.0,
          1.0
        ],
        [
          0.998762,
          0.044733,
          -0.021751,
          0.124994,
          0.046242,
          -0.673882,
          0.737389,
          -0.002831,
          0.018328,
          -0.737481,
          -0.675118,
          -1.2e-05,
          0.0,
          0.0,
          0.0,
          1.0
        ],
        [
          0.998392,
          0.049082,
          -0.028344,
          0.124994,
          0.052675,
          -0.618905,
          0.783697,
          -0.002831,
          0.020923,
          -0.783928,
          -0.620497,
          -1.2e-05,
          0.0,
          0.0,
          0.0,
          1.0
        ],
        [
          0.998023,
          0.052481,
          -0.034581,
          0.124994,
          0.058211,
          -0.564401,
          0.823445,
          -0.002831,
          0.023697,
          -0.823829,
          -0.566341,
          -1.2e-05,
          0.0,
          0.0,
          0.0,
          1.0
        ],
        [
          0.997701,
          0.054903,
          -0.039716,
          0.124994,
          0.062294,
          -0.512473,
          0.856441,
          -0.002831,
          0.026668,
          -0.856944,
          -0.514716,
          -1.2e-05,
          0.0,
          0.0,
          0.0,
          1.0
        ],
        [
          0.997484,
          0.056391,
          -0.04296,
          0.124994,
          0.064339,
          -0.465675,
          0.882614,
          -0.002831,
          0.029766,
          -0.883155,
          -0.468133,
          -1.2e-05,
          0.0,
          0.0,
          0.0,
          1.0
        ],
        [
          0.997422,
          0.056991,
          -0.043603,
          0.124994,
          0.06383,
          -0.427005,
          0.901993,
          -0.002831,
          0.032787,
          -0.902449,
          -0.429543,
          -1.2e-05,
          0.0,
          0.0,
          0.0,
          1.0
        ],
        [
          0.997463,
          0.056295,
          -0.043566,
          0.124994,
          0.062254,
          -0.393095,
          0.917388,
          -0.002831,
          0.034519,
          -0.917771,
          -0.395604,
          -1.2e-05,
          0.0,
          0.0,
          0.0,
          1.0
        ],
        [
          0.997521,
          0.054081,
          -0.045024,
          0.124994,
          0.061489,
          -0.358738,
          0.931411,
          -0.002831,
          0.03422,
          -0.931868,
          -0.361174,
          -1.2e-05,
          0.0,
          0.0,
          0.0,
          1.0
        ],
        [
          0.997573,
          0.05062,
          -0.047807,
          0.124994,
          0.061699,
          -0.324477,
          0.94388,
          -0.002831,
          0.032267,
          -0.944537,
          -0.326813,
          -1.2e-05,
          0.0,
          0.0,
          0.0,
          1.0
        ],
        [
          0.997591,
          0.046193,
          -0.051748,
          0.124994,
          0.06299,
          -0.290845,
          0.954695,
          -0.002831,
          0.02905,
          -0.955653,
          -0.293055,
          -1.2e-05,
          0.0,
          0.0,
          0.0,
          1.0
        ],
        [
          0.997546,
          0.041092,
          -0.056678,
          0.124994,
          0.065405,
          -0.258342,
          0.963837,
          -0.002831,
          0.024964,
          -0.965177,
          -0.260396,
          -1.2e-05,
          0.0,
          0.0,
          0.0,
          1.0
        ],
        [
          0.997414,
          0.035614,
          -0.062416,
          0.124994,
          0.068906,
          -0.227419,
          0.971356,
          -0.002831,
          0.0204,
          -0.973144,
          -0.229286,
          -1.2e-05,
          0.0,
          0.0,
          0.0,
          1.0
        ],
        [
          0.997179,
          0.030058,
          -0.068766,
          0.124994,
          0.073381,
          -0.198466,
          0.977357,
          -0.002831,
          0.01573,
          -0.979645,
          -0.200112,
          -1.2e-05,
          0.0,
          0.0,
          0.0,
          1.0
        ],
        [
          0.996838,
          0.024714,
          -0.075508,
          0.124994,
          0.078642,
          -0.171795,
          0.981989,
          -0.002831,
          0.011297,
          -0.984821,
          -0.173196,
          -1.2e-05,
          0.0,
          0.0,
          0.0,
          1.0
        ],
        [
          0.996402,
          0.019855,
          -0.082396,
          0.124994,
          0.084431,
          -0.147647,
          0.98543,
          -0.002831,
          0.0074,
          -0.988839,
          -0.148793,
          -1.2e-05,
          0.0,
          0.0,
          0.0,
          1.0
        ],
        [
          0.995893,
          0.015731,
          -0.089157,
          0.124994,
          0.090432,
          -0.126181,
          0.987877,
          -0.002831,
          0.00429,
          -0.991881,
          -0.127086,
          -1.2e-05,
          0.0,
          0.0,
          0.0,
          1.0
        ],
        [
